<?xml version="1.0"?>
<!-- DTD for the XMLBIF 0.3 format -->
<!DOCTYPE BIF [
	<!ELEMENT BIF ( NETWORK )*>
	      <!ATTLIST BIF VERSION CDATA #REQUIRED>
	<!ELEMENT NETWORK ( NAME, ( PROPERTY | VARIABLE | DEFINITION )* )>
	<!ELEMENT NAME (#PCDATA)>
	<!ELEMENT VARIABLE ( NAME, ( OUTCOME |  PROPERTY )* ) >
	      <!ATTLIST VARIABLE TYPE (nature|decision|utility) "nature">
	<!ELEMENT OUTCOME (#PCDATA)>
	<!ELEMENT DEFINITION ( FOR | GIVEN | TABLE | PROPERTY )* >
	<!ELEMENT FOR (#PCDATA)>
	<!ELEMENT GIVEN (#PCDATA)>
	<!ELEMENT TABLE (#PCDATA)>
	<!ELEMENT PROPERTY (#PCDATA)>
]>


<BIF VERSION="0.3">
<NETWORK>
<NAME>faces-weka.filters.supervised.attribute.Discretize-Rfirst-last-precision6-weka.filters.unsupervised.attribute.ReplaceMissingValues</NAME>
<VARIABLE TYPE="nature">
<NAME>emotion</NAME>
<OUTCOME>angry</OUTCOME>
<OUTCOME>disgust</OUTCOME>
<OUTCOME>fear</OUTCOME>
<OUTCOME>happy</OUTCOME>
<OUTCOME>neutral</OUTCOME>
<OUTCOME>sad</OUTCOME>
<OUTCOME>surprise</OUTCOME>
</VARIABLE>
<VARIABLE TYPE="nature">
<NAME>pixel0</NAME>
<OUTCOME>&apos;\&apos;(-inf-0.448039]\&apos;&apos;</OUTCOME>
<OUTCOME>&apos;\&apos;(0.448039-0.688235]\&apos;&apos;</OUTCOME>
<OUTCOME>&apos;\&apos;(0.688235-0.789216]\&apos;&apos;</OUTCOME>
<OUTCOME>&apos;\&apos;(0.789216-inf)\&apos;&apos;</OUTCOME>
</VARIABLE>
<VARIABLE TYPE="nature">
<NAME>pixel1</NAME>
<OUTCOME>&apos;\&apos;(-inf-0.295588]\&apos;&apos;</OUTCOME>
<OUTCOME>&apos;\&apos;(0.295588-0.52451]\&apos;&apos;</OUTCOME>
<OUTCOME>&apos;\&apos;(0.52451-0.620098]\&apos;&apos;</OUTCOME>
<OUTCOME>&apos;\&apos;(0.620098-0.762745]\&apos;&apos;</OUTCOME>
<OUTCOME>&apos;\&apos;(0.762745-inf)\&apos;&apos;</OUTCOME>
</VARIABLE>
<VARIABLE TYPE="nature">
<NAME>pixel2</NAME>
<OUTCOME>&apos;\&apos;(-inf-0.152451]\&apos;&apos;</OUTCOME>
<OUTCOME>&apos;\&apos;(0.152451-0.40098]\&apos;&apos;</OUTCOME>
<OUTCOME>&apos;\&apos;(0.40098-0.657353]\&apos;&apos;</OUTCOME>
<OUTCOME>&apos;\&apos;(0.657353-0.768627]\&apos;&apos;</OUTCOME>
<OUTCOME>&apos;\&apos;(0.768627-inf)\&apos;&apos;</OUTCOME>
</VARIABLE>
<VARIABLE TYPE="nature">
<NAME>pixel3</NAME>
<OUTCOME>&apos;\&apos;(-inf-0.429412]\&apos;&apos;</OUTCOME>
<OUTCOME>&apos;\&apos;(0.429412-0.648529]\&apos;&apos;</OUTCOME>
<OUTCOME>&apos;\&apos;(0.648529-0.788235]\&apos;&apos;</OUTCOME>
<OUTCOME>&apos;\&apos;(0.788235-inf)\&apos;&apos;</OUTCOME>
</VARIABLE>
<VARIABLE TYPE="nature">
<NAME>pixel4</NAME>
<OUTCOME>&apos;\&apos;(-inf-0.408824]\&apos;&apos;</OUTCOME>
<OUTCOME>&apos;\&apos;(0.408824-0.705392]\&apos;&apos;</OUTCOME>
<OUTCOME>&apos;\&apos;(0.705392-0.794118]\&apos;&apos;</OUTCOME>
<OUTCOME>&apos;\&apos;(0.794118-inf)\&apos;&apos;</OUTCOME>
</VARIABLE>
<VARIABLE TYPE="nature">
<NAME>pixel5</NAME>
<OUTCOME>&apos;\&apos;(-inf-0.493627]\&apos;&apos;</OUTCOME>
<OUTCOME>&apos;\&apos;(0.493627-0.669608]\&apos;&apos;</OUTCOME>
<OUTCOME>&apos;\&apos;(0.669608-inf)\&apos;&apos;</OUTCOME>
</VARIABLE>
<VARIABLE TYPE="nature">
<NAME>pixel6</NAME>
<OUTCOME>&apos;\&apos;(-inf-0.080392]\&apos;&apos;</OUTCOME>
<OUTCOME>&apos;\&apos;(0.080392-0.542647]\&apos;&apos;</OUTCOME>
<OUTCOME>&apos;\&apos;(0.542647-0.663235]\&apos;&apos;</OUTCOME>
<OUTCOME>&apos;\&apos;(0.663235-inf)\&apos;&apos;</OUTCOME>
</VARIABLE>
<VARIABLE TYPE="nature">
<NAME>pixel7</NAME>
<OUTCOME>&apos;\&apos;(-inf-0.50098]\&apos;&apos;</OUTCOME>
<OUTCOME>&apos;\&apos;(0.50098-inf)\&apos;&apos;</OUTCOME>
</VARIABLE>
<VARIABLE TYPE="nature">
<NAME>pixel8</NAME>
<OUTCOME>&apos;\&apos;(-inf-0.181373]\&apos;&apos;</OUTCOME>
<OUTCOME>&apos;\&apos;(0.181373-0.565196]\&apos;&apos;</OUTCOME>
<OUTCOME>&apos;\&apos;(0.565196-inf)\&apos;&apos;</OUTCOME>
</VARIABLE>
<VARIABLE TYPE="nature">
<NAME>pixel9</NAME>
<OUTCOME>&apos;\&apos;(-inf-0.093137]\&apos;&apos;</OUTCOME>
<OUTCOME>&apos;\&apos;(0.093137-0.593137]\&apos;&apos;</OUTCOME>
<OUTCOME>&apos;\&apos;(0.593137-inf)\&apos;&apos;</OUTCOME>
</VARIABLE>
<VARIABLE TYPE="nature">
<NAME>pixel10</NAME>
<OUTCOME>&apos;\&apos;(-inf-0.020098]\&apos;&apos;</OUTCOME>
<OUTCOME>&apos;\&apos;(0.020098-0.435294]\&apos;&apos;</OUTCOME>
<OUTCOME>&apos;\&apos;(0.435294-0.735294]\&apos;&apos;</OUTCOME>
<OUTCOME>&apos;\&apos;(0.735294-0.972059]\&apos;&apos;</OUTCOME>
<OUTCOME>&apos;\&apos;(0.972059-inf)\&apos;&apos;</OUTCOME>
</VARIABLE>
<VARIABLE TYPE="nature">
<NAME>pixel11</NAME>
<OUTCOME>&apos;\&apos;(-inf-0.026961]\&apos;&apos;</OUTCOME>
<OUTCOME>&apos;\&apos;(0.026961-0.676471]\&apos;&apos;</OUTCOME>
<OUTCOME>&apos;\&apos;(0.676471-0.991667]\&apos;&apos;</OUTCOME>
<OUTCOME>&apos;\&apos;(0.991667-inf)\&apos;&apos;</OUTCOME>
</VARIABLE>
<VARIABLE TYPE="nature">
<NAME>pixel12</NAME>
<OUTCOME>&apos;\&apos;(-inf-0.603922]\&apos;&apos;</OUTCOME>
<OUTCOME>&apos;\&apos;(0.603922-0.976471]\&apos;&apos;</OUTCOME>
<OUTCOME>&apos;\&apos;(0.976471-inf)\&apos;&apos;</OUTCOME>
</VARIABLE>
<VARIABLE TYPE="nature">
<NAME>pixel13</NAME>
<OUTCOME>&apos;\&apos;(-inf-0.493137]\&apos;&apos;</OUTCOME>
<OUTCOME>&apos;\&apos;(0.493137-0.675]\&apos;&apos;</OUTCOME>
<OUTCOME>&apos;\&apos;(0.675-0.957353]\&apos;&apos;</OUTCOME>
<OUTCOME>&apos;\&apos;(0.957353-inf)\&apos;&apos;</OUTCOME>
</VARIABLE>
<VARIABLE TYPE="nature">
<NAME>pixel14</NAME>
<OUTCOME>&apos;\&apos;(-inf-0.585294]\&apos;&apos;</OUTCOME>
<OUTCOME>&apos;\&apos;(0.585294-0.985784]\&apos;&apos;</OUTCOME>
<OUTCOME>&apos;\&apos;(0.985784-inf)\&apos;&apos;</OUTCOME>
</VARIABLE>
<VARIABLE TYPE="nature">
<NAME>pixel15</NAME>
<OUTCOME>&apos;\&apos;(-inf-0.016176]\&apos;&apos;</OUTCOME>
<OUTCOME>&apos;\&apos;(0.016176-0.180392]\&apos;&apos;</OUTCOME>
<OUTCOME>&apos;\&apos;(0.180392-0.389216]\&apos;&apos;</OUTCOME>
<OUTCOME>&apos;\&apos;(0.389216-0.587255]\&apos;&apos;</OUTCOME>
<OUTCOME>&apos;\&apos;(0.587255-inf)\&apos;&apos;</OUTCOME>
</VARIABLE>
<VARIABLE TYPE="nature">
<NAME>pixel16</NAME>
<OUTCOME>&apos;\&apos;(-inf-0.161275]\&apos;&apos;</OUTCOME>
<OUTCOME>&apos;\&apos;(0.161275-0.362745]\&apos;&apos;</OUTCOME>
<OUTCOME>&apos;\&apos;(0.362745-0.498039]\&apos;&apos;</OUTCOME>
<OUTCOME>&apos;\&apos;(0.498039-0.606863]\&apos;&apos;</OUTCOME>
<OUTCOME>&apos;\&apos;(0.606863-inf)\&apos;&apos;</OUTCOME>
</VARIABLE>
<VARIABLE TYPE="nature">
<NAME>pixel17</NAME>
<OUTCOME>&apos;\&apos;(-inf-0.194608]\&apos;&apos;</OUTCOME>
<OUTCOME>&apos;\&apos;(0.194608-0.288725]\&apos;&apos;</OUTCOME>
<OUTCOME>&apos;\&apos;(0.288725-0.491667]\&apos;&apos;</OUTCOME>
<OUTCOME>&apos;\&apos;(0.491667-inf)\&apos;&apos;</OUTCOME>
</VARIABLE>
<VARIABLE TYPE="nature">
<NAME>pixel18</NAME>
<OUTCOME>&apos;\&apos;(-inf-0.151961]\&apos;&apos;</OUTCOME>
<OUTCOME>&apos;\&apos;(0.151961-0.334804]\&apos;&apos;</OUTCOME>
<OUTCOME>&apos;\&apos;(0.334804-0.541667]\&apos;&apos;</OUTCOME>
<OUTCOME>&apos;\&apos;(0.541667-inf)\&apos;&apos;</OUTCOME>
</VARIABLE>
<VARIABLE TYPE="nature">
<NAME>pixel19</NAME>
<OUTCOME>&apos;\&apos;(-inf-0.207843]\&apos;&apos;</OUTCOME>
<OUTCOME>&apos;\&apos;(0.207843-0.405392]\&apos;&apos;</OUTCOME>
<OUTCOME>&apos;\&apos;(0.405392-0.571078]\&apos;&apos;</OUTCOME>
<OUTCOME>&apos;\&apos;(0.571078-inf)\&apos;&apos;</OUTCOME>
</VARIABLE>
<VARIABLE TYPE="nature">
<NAME>pixel20</NAME>
<OUTCOME>&apos;\&apos;(-inf-0.090686]\&apos;&apos;</OUTCOME>
<OUTCOME>&apos;\&apos;(0.090686-0.337255]\&apos;&apos;</OUTCOME>
<OUTCOME>&apos;\&apos;(0.337255-inf)\&apos;&apos;</OUTCOME>
</VARIABLE>
<VARIABLE TYPE="nature">
<NAME>pixel21</NAME>
<OUTCOME>&apos;\&apos;(-inf-0.156373]\&apos;&apos;</OUTCOME>
<OUTCOME>&apos;\&apos;(0.156373-0.503431]\&apos;&apos;</OUTCOME>
<OUTCOME>&apos;\&apos;(0.503431-0.991667]\&apos;&apos;</OUTCOME>
<OUTCOME>&apos;\&apos;(0.991667-inf)\&apos;&apos;</OUTCOME>
</VARIABLE>
<VARIABLE TYPE="nature">
<NAME>pixel22</NAME>
<OUTCOME>&apos;\&apos;(-inf-0.355882]\&apos;&apos;</OUTCOME>
<OUTCOME>&apos;\&apos;(0.355882-0.978431]\&apos;&apos;</OUTCOME>
<OUTCOME>&apos;\&apos;(0.978431-inf)\&apos;&apos;</OUTCOME>
</VARIABLE>
<VARIABLE TYPE="nature">
<NAME>pixel23</NAME>
<OUTCOME>&apos;\&apos;(-inf-0.058333]\&apos;&apos;</OUTCOME>
<OUTCOME>&apos;\&apos;(0.058333-0.289706]\&apos;&apos;</OUTCOME>
<OUTCOME>&apos;\&apos;(0.289706-0.634314]\&apos;&apos;</OUTCOME>
<OUTCOME>&apos;\&apos;(0.634314-0.967157]\&apos;&apos;</OUTCOME>
<OUTCOME>&apos;\&apos;(0.967157-inf)\&apos;&apos;</OUTCOME>
</VARIABLE>
<VARIABLE TYPE="nature">
<NAME>pixel24</NAME>
<OUTCOME>&apos;\&apos;(-inf-0.159314]\&apos;&apos;</OUTCOME>
<OUTCOME>&apos;\&apos;(0.159314-0.546569]\&apos;&apos;</OUTCOME>
<OUTCOME>&apos;\&apos;(0.546569-0.960784]\&apos;&apos;</OUTCOME>
<OUTCOME>&apos;\&apos;(0.960784-inf)\&apos;&apos;</OUTCOME>
</VARIABLE>
<VARIABLE TYPE="nature">
<NAME>pixel25</NAME>
<OUTCOME>&apos;\&apos;(-inf-0.328431]\&apos;&apos;</OUTCOME>
<OUTCOME>&apos;\&apos;(0.328431-0.627451]\&apos;&apos;</OUTCOME>
<OUTCOME>&apos;\&apos;(0.627451-0.758824]\&apos;&apos;</OUTCOME>
<OUTCOME>&apos;\&apos;(0.758824-inf)\&apos;&apos;</OUTCOME>
</VARIABLE>
<VARIABLE TYPE="nature">
<NAME>pixel26</NAME>
<OUTCOME>&apos;\&apos;(-inf-0.419608]\&apos;&apos;</OUTCOME>
<OUTCOME>&apos;\&apos;(0.419608-0.614706]\&apos;&apos;</OUTCOME>
<OUTCOME>&apos;\&apos;(0.614706-0.761765]\&apos;&apos;</OUTCOME>
<OUTCOME>&apos;\&apos;(0.761765-inf)\&apos;&apos;</OUTCOME>
</VARIABLE>
<VARIABLE TYPE="nature">
<NAME>pixel27</NAME>
<OUTCOME>&apos;\&apos;(-inf-0.465686]\&apos;&apos;</OUTCOME>
<OUTCOME>&apos;\&apos;(0.465686-0.639216]\&apos;&apos;</OUTCOME>
<OUTCOME>&apos;\&apos;(0.639216-0.772059]\&apos;&apos;</OUTCOME>
<OUTCOME>&apos;\&apos;(0.772059-inf)\&apos;&apos;</OUTCOME>
</VARIABLE>
<VARIABLE TYPE="nature">
<NAME>pixel28</NAME>
<OUTCOME>&apos;\&apos;(-inf-0.466667]\&apos;&apos;</OUTCOME>
<OUTCOME>&apos;\&apos;(0.466667-0.684804]\&apos;&apos;</OUTCOME>
<OUTCOME>&apos;\&apos;(0.684804-0.77598]\&apos;&apos;</OUTCOME>
<OUTCOME>&apos;\&apos;(0.77598-inf)\&apos;&apos;</OUTCOME>
</VARIABLE>
<VARIABLE TYPE="nature">
<NAME>pixel29</NAME>
<OUTCOME>&apos;\&apos;(-inf-0.477451]\&apos;&apos;</OUTCOME>
<OUTCOME>&apos;\&apos;(0.477451-0.644608]\&apos;&apos;</OUTCOME>
<OUTCOME>&apos;\&apos;(0.644608-0.768137]\&apos;&apos;</OUTCOME>
<OUTCOME>&apos;\&apos;(0.768137-inf)\&apos;&apos;</OUTCOME>
</VARIABLE>
<VARIABLE TYPE="nature">
<NAME>pixel30</NAME>
<OUTCOME>&apos;\&apos;(-inf-0.22402]\&apos;&apos;</OUTCOME>
<OUTCOME>&apos;\&apos;(0.22402-0.405882]\&apos;&apos;</OUTCOME>
<OUTCOME>&apos;\&apos;(0.405882-0.676961]\&apos;&apos;</OUTCOME>
<OUTCOME>&apos;\&apos;(0.676961-0.822059]\&apos;&apos;</OUTCOME>
<OUTCOME>&apos;\&apos;(0.822059-inf)\&apos;&apos;</OUTCOME>
</VARIABLE>
<VARIABLE TYPE="nature">
<NAME>pixel31</NAME>
<OUTCOME>&apos;\&apos;(-inf-0.279412]\&apos;&apos;</OUTCOME>
<OUTCOME>&apos;\&apos;(0.279412-0.480882]\&apos;&apos;</OUTCOME>
<OUTCOME>&apos;\&apos;(0.480882-0.648039]\&apos;&apos;</OUTCOME>
<OUTCOME>&apos;\&apos;(0.648039-0.745098]\&apos;&apos;</OUTCOME>
<OUTCOME>&apos;\&apos;(0.745098-inf)\&apos;&apos;</OUTCOME>
</VARIABLE>
<VARIABLE TYPE="nature">
<NAME>pixel32</NAME>
<OUTCOME>&apos;\&apos;(-inf-0.448039]\&apos;&apos;</OUTCOME>
<OUTCOME>&apos;\&apos;(0.448039-0.688235]\&apos;&apos;</OUTCOME>
<OUTCOME>&apos;\&apos;(0.688235-0.789216]\&apos;&apos;</OUTCOME>
<OUTCOME>&apos;\&apos;(0.789216-inf)\&apos;&apos;</OUTCOME>
</VARIABLE>
<VARIABLE TYPE="nature">
<NAME>pixel33</NAME>
<OUTCOME>&apos;\&apos;(-inf-0.428922]\&apos;&apos;</OUTCOME>
<OUTCOME>&apos;\&apos;(0.428922-0.598039]\&apos;&apos;</OUTCOME>
<OUTCOME>&apos;\&apos;(0.598039-0.75]\&apos;&apos;</OUTCOME>
<OUTCOME>&apos;\&apos;(0.75-inf)\&apos;&apos;</OUTCOME>
</VARIABLE>
<VARIABLE TYPE="nature">
<NAME>pixel34</NAME>
<OUTCOME>&apos;\&apos;(-inf-0.477451]\&apos;&apos;</OUTCOME>
<OUTCOME>&apos;\&apos;(0.477451-0.644608]\&apos;&apos;</OUTCOME>
<OUTCOME>&apos;\&apos;(0.644608-0.768137]\&apos;&apos;</OUTCOME>
<OUTCOME>&apos;\&apos;(0.768137-inf)\&apos;&apos;</OUTCOME>
</VARIABLE>
<DEFINITION>
<FOR>emotion</FOR>
<TABLE>
0.13740923259094154 0.014853640273738833 0.14420046319675414 0.24955160464589826 0.17261915127030839 0.16958921761540738 0.11177669040695143 
</TABLE>
</DEFINITION>
<DEFINITION>
<FOR>pixel0</FOR>
<GIVEN>emotion</GIVEN>
<GIVEN>pixel31</GIVEN>
<TABLE>
0.9488950276243094 0.03729281767955801 0.009668508287292817 0.004143646408839779 
0.6953517587939698 0.2832914572864322 0.016959798994974875 0.0043969849246231155 
0.19243840271877655 0.7268479184367035 0.06414613423959219 0.01656754460492778 
0.04209844559585492 0.5667098445595855 0.35038860103626945 0.040803108808290155 
0.015919811320754717 0.15860849056603774 0.38266509433962265 0.4428066037735849 
0.8958333333333334 0.020833333333333332 0.0625 0.020833333333333332 
0.6325301204819277 0.3433734939759036 0.006024096385542169 0.018072289156626505 
0.14473684210526316 0.7675438596491229 0.04824561403508772 0.039473684210526314 
0.019230769230769232 0.75 0.1987179487179487 0.03205128205128205 
0.01824817518248175 0.2591240875912409 0.354014598540146 0.3686131386861314 
0.8904382470119522 0.10159362549800798 0.00597609561752988 0.00199203187250996 
0.6232993197278912 0.3494897959183674 0.01445578231292517 0.012755102040816327 
0.14598214285714287 0.7763392857142857 0.05848214285714286 0.019196428571428573 
0.036 0.5434285714285715 0.3902857142857143 0.030285714285714287 
0.007978723404255319 0.11208206686930092 0.3598024316109423 0.5201367781155015 
0.9091981132075472 0.08608490566037735 0.003537735849056604 0.0011792452830188679 
0.6459649122807017 0.3280701754385965 0.021403508771929824 0.004561403508771929 
0.15009337068160597 0.7649393090569561 0.0665266106442577 0.018440709617180206 
0.022033898305084745 0.5996610169491525 0.3277966101694915 0.05050847457627119 
0.001462843768285547 0.12960795787009946 0.3812170860152136 0.4877121123464014 
0.9418604651162791 0.04817275747508306 0.008305647840531562 0.0016611295681063123 
0.7194700460829493 0.26440092165898615 0.010944700460829493 0.005184331797235023 
0.14678543764523624 0.7858249419054996 0.05151045701006971 0.015879163439194422 
0.014300847457627119 0.5619703389830508 0.3744703389830508 0.04925847457627119 
0.0035211267605633804 0.08098591549295775 0.3204225352112676 0.5950704225352113 
0.8983228511530398 0.08490566037735849 0.011530398322851153 0.005241090146750524 
0.6781990521327014 0.2981042654028436 0.015639810426540283 0.008056872037914692 
0.14197976878612717 0.7857658959537572 0.05455202312138728 0.017702312138728325 
0.03125 0.51875 0.39034090909090907 0.05965909090909091 
0.012465373961218837 0.10018467220683287 0.36149584487534625 0.525854108956602 
0.8921568627450981 0.08823529411764706 0.00980392156862745 0.00980392156862745 
0.6703056768558951 0.31222707423580787 0.010917030567685589 0.006550218340611353 
0.11984126984126985 0.796031746031746 0.07222222222222222 0.011904761904761904 
0.006189821182943604 0.4986244841815681 0.44222833562585967 0.05295735900962861 
0.00347661188369153 0.06668773704171935 0.28729456384323643 0.6425410872313527 
</TABLE>
</DEFINITION>
<DEFINITION>
<FOR>pixel1</FOR>
<GIVEN>emotion</GIVEN>
<GIVEN>pixel26</GIVEN>
<TABLE>
0.3226022803487592 0.4151576123407109 0.11066398390342053 0.10663983903420524 0.04493628437290409 
0.11601235112483459 0.4265549183943538 0.23775915306572562 0.1733568592853992 0.04631671812968681 
0.05218498090793382 0.24310564276622826 0.2388629613915995 0.3610521849809079 0.1047942299533305 
0.04512534818941504 0.09860724233983287 0.13871866295264623 0.32144846796657384 0.396100278551532 
0.17073170731707318 0.4796747967479675 0.13821138211382114 0.10569105691056911 0.10569105691056911 
0.06598984771573604 0.49238578680203043 0.19796954314720813 0.16751269035532995 0.07614213197969544 
0.049773755656108594 0.1583710407239819 0.3031674208144796 0.3393665158371041 0.1493212669683258 
0.00906344410876133 0.11782477341389729 0.1540785498489426 0.3716012084592145 0.3474320241691843 
0.22749822820694543 0.3862508858965273 0.1481218993621545 0.15946137491141035 0.07866761162296244 
0.07542579075425791 0.34501216545012164 0.25547445255474455 0.22530413625304135 0.09878345498783454 
0.03175257731958763 0.14144329896907218 0.21484536082474226 0.42597938144329894 0.18597938144329898 
0.033623910336239106 0.0660024906600249 0.0859277708592777 0.32918223329182233 0.4852635948526359 
0.2627956989247312 0.43311827956989246 0.11827956989247312 0.1389247311827957 0.04688172043010753 
0.07444235420585864 0.48562214458478903 0.21418973394248858 0.15829078204783661 0.06745498521902714 
0.0289758902897589 0.2342402123424021 0.24529971245299712 0.38597655385976554 0.10550763105507631 
0.015596087761036215 0.08749669574411842 0.09542690985989954 0.3888448321438012 0.41263547449114457 
0.2621553884711779 0.38847117794486213 0.12280701754385964 0.14385964912280702 0.08270676691729323 
0.08274582560296846 0.4070500927643785 0.21113172541743971 0.21484230055658626 0.08423005565862708 
0.026080743122543767 0.14826723829939265 0.18756698821007503 0.43193997856377275 0.2061450518042158 
0.015963978714695046 0.06180925092099877 0.06672124437167418 0.31150225133033155 0.5440032746623005 
0.2413051272857655 0.42129795625672284 0.13087128002868412 0.13589100035855145 0.07063463607027609 
0.08485056681552731 0.3899003778770182 0.22706973548608725 0.21538990037787703 0.0827894194434902 
0.05995975855130785 0.20482897384305834 0.2056338028169014 0.3617706237424547 0.16780684104627766 
0.031150667514303877 0.08709472345835982 0.09726636999364272 0.3083280356007629 0.4761602034329307 
0.2135306553911205 0.38266384778012685 0.1331923890063425 0.1839323467230444 0.08668076109936575 
0.04117108874656908 0.3302836230558097 0.22598353156450138 0.29734675205855443 0.10521500457456541 
0.01701507049100632 0.1434127369956247 0.19008264462809918 0.4312105007292173 0.2182790471560525 
0.008880994671403197 0.03516873889875666 0.06785079928952042 0.2880994671403197 0.6 
</TABLE>
</DEFINITION>
<DEFINITION>
<FOR>pixel2</FOR>
<GIVEN>emotion</GIVEN>
<GIVEN>pixel0</GIVEN>
<TABLE>
0.12270200940572894 0.5604959384352287 0.28858486532706284 0.020094057289439932 0.008123129542539546 
0.0051005100510051 0.0927092709270927 0.6927692769276927 0.17371737173717372 0.035703570357035704 
0.002181818181818182 0.01818181818181818 0.3396363636363636 0.4152727272727273 0.22472727272727272 
0.0011587485515643105 0.008111239860950173 0.0984936268829664 0.26998841251448435 0.6222479721900348 
0.047619047619047616 0.5873015873015873 0.3439153439153439 0.015873015873015872 0.005291005291005291 
0.0023752969121140144 0.09738717339667459 0.6199524940617577 0.23040380047505937 0.0498812351543943 
0.006993006993006993 0.02097902097902098 0.24475524475524477 0.42657342657342656 0.3006993006993007 
0.008403361344537815 0.008403361344537815 0.09243697478991597 0.29411764705882354 0.5966386554621849 
0.09239472030169704 0.5700817096165933 0.30106851037083593 0.0295411690760528 0.0069138906348208675 
0.0020307513780098638 0.11575282854656223 0.6692776327241079 0.16042935886277923 0.05250942848854076 
0.0016844469399213925 0.021897810218978103 0.25210555867490175 0.5272318921953958 0.19708029197080293 
6.752194463200541E-4 0.004726536124240378 0.07089804186360567 0.23295070898041864 0.6907494935854153 
0.04360902255639098 0.5476691729323309 0.3798496240601504 0.021954887218045113 0.0069172932330827065 
0.0010774203478528552 0.060797291057411114 0.7127905187009389 0.19224257349545945 0.033092196398337693 
3.8182512409316535E-4 0.0057273768613974796 0.25162275677739593 0.5158457426498664 0.22642229858724705 
5.238344683080147E-4 0.003666841278156103 0.060240963855421686 0.21843897328444212 0.7171293871136721 
0.08732646663681147 0.619346171070309 0.27630989699955216 0.011195700850873265 0.005821764442454098 
0.0028713129731140694 0.10676063690942313 0.711824588880188 0.16053249804228661 0.018010963194988253 
0.0016085790884718498 0.014477211796246649 0.29115281501340484 0.503485254691689 0.18927613941018767 
0.0014977533699450823 0.008487269096355467 0.07239141288067898 0.23015476784822766 0.6874687968047928 
0.10749185667752444 0.564965617082881 0.3043792978646399 0.017010495837857402 0.006152732537097358 
0.0037359900373599006 0.12727272727272726 0.6826899128268992 0.1576587795765878 0.028642590286425903 
6.006006006006006E-4 0.022222222222222223 0.2840840840840841 0.49309309309309307 0.2 
7.604562737642585E-4 0.006844106463878327 0.06463878326996197 0.24258555133079848 0.685171102661597 
0.08611599297012303 0.6098418277680141 0.28998242530755713 0.012302284710017574 0.0017574692442882249 
0.008130081300813009 0.10760401721664276 0.6633189861310378 0.18029650884744142 0.04065040650406504 
6.064281382656155E-4 0.01879927228623408 0.26379624014554276 0.5451788963007883 0.1716191631291692 
4.697040864255519E-4 0.0023485204321277596 0.04462188821042743 0.20713950211366838 0.7454203851573509 
</TABLE>
</DEFINITION>
<DEFINITION>
<FOR>pixel3</FOR>
<GIVEN>emotion</GIVEN>
<GIVEN>pixel0</GIVEN>
<TABLE>
0.8036783575705732 0.17236954662104362 0.018391787852865698 0.005560307955517536 
0.13955582232893157 0.6617647058823529 0.18577430972388956 0.01290516206482593 
0.029839883551673944 0.17540029112081515 0.673216885007278 0.1215429403202329 
0.010440835266821345 0.0568445475638051 0.2703016241299304 0.6624129930394431 
0.8457446808510638 0.14361702127659576 0.005319148936170213 0.005319148936170213 
0.07380952380952381 0.6547619047619048 0.25476190476190474 0.016666666666666666 
0.04929577464788732 0.11971830985915492 0.6267605633802817 0.20422535211267606 
0.0423728813559322 0.00847457627118644 0.2627118644067797 0.6864406779661016 
0.789308176100629 0.18050314465408804 0.024528301886792454 0.005660377358490566 
0.1256529309344167 0.6694718514219384 0.18717353453279165 0.017701683110853163 
0.014044943820224719 0.1904494382022472 0.6758426966292135 0.1196629213483146 
0.007432432432432433 0.038513513513513516 0.28716216216216217 0.6668918918918919 
0.7728640192539109 0.20848375451263537 0.015342960288808664 0.003309265944645006 
0.14608990147783252 0.6722598522167488 0.17195197044334976 0.009698275862068966 
0.02559205500381971 0.23720397249809014 0.6405653170359052 0.09663865546218488 
0.0110062893081761 0.05712788259958071 0.3579664570230608 0.5738993710691824 
0.817652329749104 0.16980286738351255 0.011200716845878136 0.0013440860215053765 
0.106266318537859 0.6963446475195822 0.19138381201044385 0.0060052219321148825 
0.013412017167381975 0.12607296137339055 0.7719957081545065 0.08851931330472103 
0.0034965034965034965 0.025474525474525476 0.2152847152847153 0.7557442557442557 
0.8106444605358436 0.1777697320782042 0.0068790731354091235 0.004706734250543085 
0.13627304434479323 0.6858495266567015 0.16218236173393125 0.01569506726457399 
0.01622596153846154 0.18209134615384615 0.6941105769230769 0.10757211538461539 
0.00380517503805175 0.04946727549467275 0.2595129375951294 0.6872146118721462 
0.7693661971830986 0.20598591549295775 0.01584507042253521 0.008802816901408451 
0.08373205741626795 0.6808612440191387 0.21866028708133972 0.01674641148325359 
0.007888349514563107 0.13531553398058252 0.7870145631067961 0.06978155339805825 
0.005169172932330827 0.026785714285714284 0.23543233082706766 0.7326127819548872 
</TABLE>
</DEFINITION>
<DEFINITION>
<FOR>pixel4</FOR>
<GIVEN>emotion</GIVEN>
<GIVEN>pixel0</GIVEN>
<TABLE>
0.6086398631308811 0.37082976903336184 0.013259195893926433 0.007271171941830625 
0.0351140456182473 0.8016206482593037 0.12454981992797119 0.03871548619447779 
0.009461426491994178 0.2700145560407569 0.5087336244541485 0.21179039301310043 
0.012761020881670533 0.04524361948955916 0.16357308584686775 0.7784222737819025 
0.5904255319148937 0.3882978723404255 0.015957446808510637 0.005319148936170213 
0.04047619047619048 0.75 0.1595238095238095 0.05 
0.007042253521126761 0.2605633802816901 0.4295774647887324 0.3028169014084507 
0.00847457627118644 0.059322033898305086 0.11016949152542373 0.8220338983050848 
0.550314465408805 0.43836477987421385 0.006918238993710692 0.00440251572327044 
0.0351131746952989 0.7988972721996518 0.1395821242019733 0.02640742890307603 
0.008426966292134831 0.1960674157303371 0.5623595505617978 0.23314606741573032 
0.002027027027027027 0.03175675675675676 0.13445945945945945 0.8317567567567568 
0.5249699157641395 0.4527677496991576 0.018351383874849577 0.003910950661853189 
0.03432881773399015 0.7680110837438424 0.16302339901477833 0.034636699507389165 
0.007257448433919022 0.2203972498090145 0.529029793735676 0.24331550802139038 
0.003668763102725367 0.04035639412997904 0.1640461215932914 0.7919287211740041 
0.646505376344086 0.34274193548387094 0.005824372759856631 0.00492831541218638 
0.03629242819843342 0.8362924281984334 0.11044386422976502 0.016971279373368148 
0.0037553648068669528 0.1968884120171674 0.6089055793991416 0.19045064377682402 
0.005494505494505495 0.032467532467532464 0.11638361638361638 0.8456543456543456 
0.6412020275162925 0.34866039102099927 0.006154960173787111 0.0039826212889210715 
0.04708520179372197 0.830842052815147 0.09940209267563528 0.022670652715495766 
0.006610576923076923 0.2566105769230769 0.5354567307692307 0.2013221153846154 
0.00380517503805175 0.05098934550989345 0.12557077625570776 0.819634703196347 
0.5158450704225352 0.4735915492957746 0.00528169014084507 0.00528169014084507 
0.02631578947368421 0.762200956937799 0.1813397129186603 0.03014354066985646 
0.0018203883495145632 0.16444174757281554 0.5794902912621359 0.254247572815534 
4.6992481203007516E-4 0.01550751879699248 0.11231203007518797 0.8717105263157895 
</TABLE>
</DEFINITION>
<DEFINITION>
<FOR>pixel5</FOR>
<GIVEN>emotion</GIVEN>
<GIVEN>pixel6</GIVEN>
<TABLE>
0.975975975975976 0.015015015015015015 0.009009009009009009 
0.8396021137705937 0.13459745104134285 0.025800435188063412 
0.15985130111524162 0.6446096654275093 0.19553903345724907 
0.03225806451612903 0.15530428999002327 0.8124376454938477 
0.7142857142857143 0.14285714285714285 0.14285714285714285 
0.8222222222222222 0.09333333333333334 0.08444444444444445 
0.1493212669683258 0.7013574660633484 0.1493212669683258 
0.0170316301703163 0.0948905109489051 0.8880778588807786 
0.9857651245551602 0.0035587188612099642 0.010676156583629894 
0.7976896659381829 0.16703090852325944 0.035279425538557604 
0.20250521920668058 0.6228253305497564 0.17466945024356298 
0.029368140017798874 0.15692672797389498 0.8137051320083062 
0.983640081799591 0.014314928425357873 0.002044989775051125 
0.8328530259365994 0.13951517206306155 0.027631802000339042 
0.18923136948888022 0.666796722590714 0.14397190792040576 
0.03209052123910221 0.17232424411055464 0.7955852346503431 
0.9862306368330465 0.012048192771084338 0.0017211703958691911 
0.8592484949138468 0.11978409798629852 0.02096740709985468 
0.19603960396039605 0.6607260726072607 0.14323432343234324 
0.03287944204583195 0.1650614413816008 0.8020591165725672 
0.9810246679316889 0.017077798861480076 0.0018975332068311196 
0.824847250509165 0.14369766915591764 0.0314550803349174 
0.16423144360023378 0.6598480420806546 0.17592051431911163 
0.04364694471387003 0.16133204009052698 0.795021015195603 
0.9813084112149533 0.009345794392523364 0.009345794392523364 
0.8212005108556832 0.1528309919114517 0.02596849723286505 
0.18620689655172415 0.6413793103448275 0.1724137931034483 
0.04021628928692126 0.1402500844880027 0.8195336262250761 
</TABLE>
</DEFINITION>
<DEFINITION>
<FOR>pixel6</FOR>
<GIVEN>emotion</GIVEN>
<GIVEN>pixel28</GIVEN>
<TABLE>
0.09478935698447893 0.6313747228381374 0.11141906873614191 0.16241685144124168 
0.027036516853932584 0.44276685393258425 0.2601825842696629 0.2700140449438202 
0.02679738562091503 0.2856209150326797 0.1588235294117647 0.5287581699346405 
0.026102088167053363 0.22099767981438515 0.09338747099767981 0.6595127610208816 
0.022058823529411766 0.5955882352941176 0.11029411764705882 0.27205882352941174 
0.011111111111111112 0.337037037037037 0.44074074074074077 0.2111111111111111 
0.007042253521126761 0.09154929577464789 0.3028169014084507 0.5985915492957746 
0.003125 0.128125 0.140625 0.728125 
0.0844311377245509 0.6161676646706586 0.13592814371257486 0.16347305389221556 
0.029937791601866253 0.4475116640746501 0.25544323483670295 0.26710730948678074 
0.012252042007001166 0.29346557759626607 0.18611435239206534 0.5081680280046674 
0.018376068376068377 0.22264957264957264 0.10042735042735043 0.6585470085470085 
0.09041394335511982 0.6423384168482208 0.11365286855482934 0.15359477124183007 
0.029549319727891158 0.4840561224489796 0.25744047619047616 0.22895408163265307 
0.019335142469470826 0.32869742198100405 0.21540027137042062 0.43656716417910446 
0.011421319796954314 0.22461928934010153 0.10279187817258884 0.6611675126903553 
0.1151639344262295 0.7168032786885246 0.07991803278688525 0.08811475409836066 
0.05541319666880205 0.5480461242793081 0.21236386931454196 0.18417680973734785 
0.03590568060021436 0.357449088960343 0.1902465166130761 0.41639871382636656 
0.0244 0.2764 0.1212 0.578 
0.10492307692307692 0.6353846153846154 0.12215384615384615 0.13753846153846153 
0.035454545454545454 0.44696969696969696 0.25303030303030305 0.26454545454545453 
0.018170426065162906 0.300125313283208 0.20488721804511278 0.4768170426065163 
0.025497512437810944 0.2493781094527363 0.09514925373134328 0.6299751243781094 
0.07014925373134329 0.7238805970149254 0.09402985074626866 0.11194029850746269 
0.01650366748166259 0.5152811735941321 0.2169926650366748 0.25122249388753054 
0.008586525759577279 0.31109643328929987 0.19352708058124174 0.4867899603698811 
0.008033664881407804 0.21078806426931906 0.11667941851568478 0.6644988523335884 
</TABLE>
</DEFINITION>
<DEFINITION>
<FOR>pixel7</FOR>
<GIVEN>emotion</GIVEN>
<GIVEN>pixel5</GIVEN>
<TABLE>
0.901378896882494 0.09862110311750599 
0.10451977401129943 0.8954802259887006 
0.005376344086021506 0.9946236559139785 
0.8728070175438597 0.12719298245614036 
0.07009345794392523 0.9299065420560748 
0.021634615384615384 0.9783653846153846 
0.9059006211180124 0.09409937888198758 
0.10367722165474974 0.8963227783452502 
0.00933075933075933 0.9906692406692407 
0.9069421487603305 0.09305785123966942 
0.1070398153491056 0.8929601846508944 
0.006431535269709543 0.9935684647302905 
0.935957696827262 0.06404230317273796 
0.13028846153846155 0.8697115384615385 
0.009882869692532943 0.9901171303074671 
0.9101835664335665 0.08981643356643357 
0.11145374449339207 0.8885462555066079 
0.010006901311249138 0.9899930986887508 
0.8824786324786325 0.11752136752136752 
0.11587078651685394 0.8841292134831461 
0.008646616541353383 0.9913533834586467 
</TABLE>
</DEFINITION>
<DEFINITION>
<FOR>pixel8</FOR>
<GIVEN>emotion</GIVEN>
<GIVEN>pixel6</GIVEN>
<TABLE>
0.9819819819819819 0.015015015015015015 0.003003003003003003 
0.17127758781473423 0.7743239042586261 0.05439850792663973 
7.434944237918215E-4 0.28178438661710037 0.7174721189591078 
3.325573661456601E-4 0.016960425673428665 0.9827070169604257 
0.7142857142857143 0.14285714285714285 0.14285714285714285 
0.19111111111111112 0.7955555555555556 0.013333333333333334 
0.004524886877828055 0.13122171945701358 0.8642533936651584 
0.0024330900243309003 0.012165450121654502 0.9854014598540146 
0.9644128113879004 0.03202846975088968 0.0035587188612099642 
0.16952856696846708 0.771464252263503 0.05900718076802997 
0.0020876826722338203 0.24843423799582465 0.7494780793319415 
2.966478789676654E-4 0.02046870364876891 0.9792346484722634 
0.967280163599182 0.03067484662576687 0.002044989775051125 
0.17714866926597728 0.7769113409052382 0.04593998982878454 
0.0011705033164260631 0.25087787748731954 0.7479516191962544 
1.854943424225561E-4 0.009089222778705249 0.9907252828788722 
0.9724612736660929 0.025817555938037865 0.0017211703958691911 
0.22192235831430351 0.742993564459207 0.03508407722648951 
6.600660066006601E-4 0.2382838283828383 0.761056105610561 
3.3211557622052476E-4 0.016273663234805714 0.9833942211889738 
0.969639468690702 0.028462998102466792 0.0018975332068311196 
0.1767368182846798 0.7741570491061326 0.0491061326091876 
0.0017533606078316774 0.29748684979544127 0.700759789596727 
3.2331070158422246E-4 0.01972195279663757 0.9799547365017782 
0.9626168224299065 0.028037383177570093 0.009345794392523364 
0.1673052362707535 0.7709663686675181 0.06172839506172839 
9.852216748768472E-4 0.25517241379310346 0.7438423645320197 
3.379520108144643E-4 0.010476512335248395 0.9891855356539372 
</TABLE>
</DEFINITION>
<DEFINITION>
<FOR>pixel9</FOR>
<GIVEN>emotion</GIVEN>
<GIVEN>pixel5</GIVEN>
<TABLE>
0.13814803715912496 0.8405753670961942 0.02127659574468085 
5.64652738565782E-4 0.5911914172783738 0.4082439299830604 
3.5829451809387314E-4 0.031171623074166967 0.9684700824077391 
0.039301310043668124 0.9563318777292577 0.004366812227074236 
0.004651162790697674 0.6 0.3953488372093023 
0.002398081534772182 0.016786570743405275 0.9808153477218226 
0.11828624650729587 0.8702266376901583 0.011487115802545793 
0.002552322613578356 0.6110260336906586 0.38642164369576315 
3.21646831778707E-4 0.03312962367320682 0.9665487294950145 
0.11816228722525203 0.8625020657742521 0.019335647000495785 
2.8843380444188056E-4 0.6434958177098355 0.3562157484857225 
2.0742584526031943E-4 0.03920348475420037 0.9605890894005393 
0.16115136087722734 0.8261210103779126 0.012727628744859996 
0.0014416146083613647 0.6597789524267179 0.3387794329649207 
3.6589828027808267E-4 0.04207830223197951 0.9575557994877424 
0.15053528512125847 0.8361372077780206 0.013327507100720996 
4.4033465433729633E-4 0.6081021576398062 0.39145750770585647 
3.4494653328734045E-4 0.03966885132804415 0.9599862021386685 
0.10636480136693721 0.881247330200769 0.012387868432293891 
7.017543859649122E-4 0.6056140350877193 0.3936842105263158 
3.757985719654265E-4 0.048478015783540024 0.9511461856444946 
</TABLE>
</DEFINITION>
<DEFINITION>
<FOR>pixel10</FOR>
<GIVEN>emotion</GIVEN>
<GIVEN>pixel23</GIVEN>
<TABLE>
0.3144758735440932 0.540765391014975 0.1048252911813644 0.021630615640599003 0.018302828618968387 
0.03126268777913114 0.7198538367844093 0.15956151035322777 0.06455542021924482 0.02476654486398701 
0.015906680805938492 0.4513962530929657 0.391304347826087 0.11134676564156946 0.030045952633439378 
0.005491153142159854 0.16168395363026236 0.3605857230018304 0.4057352043929225 0.06650396583282489 
0.018276762402088774 0.06527415143603134 0.07049608355091384 0.16971279373368145 0.6762402088772846 
0.22388059701492538 0.6417910447761194 0.1044776119402985 0.014925373134328358 0.014925373134328358 
0.014492753623188406 0.7391304347826086 0.1826086956521739 0.043478260869565216 0.020289855072463767 
0.011320754716981131 0.42641509433962266 0.4188679245283019 0.08679245283018867 0.05660377358490566 
0.01675977653631285 0.027932960893854747 0.36312849162011174 0.4301675977653631 0.16201117318435754 
0.047619047619047616 0.047619047619047616 0.14285714285714285 0.14285714285714285 0.6190476190476191 
0.31663685152057247 0.5599284436493739 0.08050089445438283 0.03398926654740608 0.008944543828264758 
0.020683832840861123 0.6901646264246517 0.17855635289151542 0.08569016462642465 0.024905023216547067 
0.007248878149810148 0.4263030721435968 0.382119433897135 0.1467034863652054 0.037625129444252677 
0.006289308176100629 0.12723754233188195 0.34107402031930334 0.45428156748911463 0.07111756168359942 
0.007263922518159807 0.026634382566585957 0.07506053268765134 0.14769975786924938 0.7433414043583535 
0.2054483541430193 0.6549375709421112 0.10102156640181612 0.03518728717366629 0.00340522133938706 
0.027159485399224016 0.7888503165203186 0.13293853379620177 0.04267919134163774 0.008372472942617929 
0.00641399416909621 0.524198250728863 0.37531584062196305 0.07949465500485908 0.014577259475218658 
0.0030560271646859084 0.17419354838709677 0.3935483870967742 0.38471986417657045 0.044482173174872665 
0.002053388090349076 0.055441478439425054 0.09650924024640657 0.2032854209445585 0.6427104722792608 
0.2744479495268139 0.6109358569926393 0.07255520504731862 0.03259726603575184 0.00946372239747634 
0.024944430723635464 0.7490738453939244 0.16868362558656458 0.04964188688565078 0.007656211410224747 
0.006186909801367633 0.4594594594594595 0.393682839465972 0.1162487788993813 0.024422012373819604 
0.004467134652201659 0.1742182514358647 0.35928525845564774 0.41033822590938096 0.05169112954690491 
0.0033444816053511705 0.06354515050167224 0.07692307692307693 0.17725752508361203 0.6789297658862876 
0.2609137055837564 0.6142131979695431 0.06802030456852792 0.049746192893401014 0.007106598984771574 
0.029402048232573506 0.7561942517343905 0.16286752560290718 0.044598612487611496 0.006937561942517344 
0.010141987829614604 0.4749348015068096 0.4042306577803535 0.1028687337003767 0.007823819182845552 
0.009209888511875909 0.16335433834222007 0.3969946679592826 0.3911778962675715 0.03926320891904993 
0.004219409282700422 0.046413502109704644 0.046413502109704644 0.22362869198312235 0.679324894514768 
0.14776632302405499 0.7250859106529209 0.058419243986254296 0.05154639175257732 0.01718213058419244 
0.013974287311347122 0.6802683063163779 0.1727221911682504 0.08552263834544438 0.047512576858580215 
0.004160887656033287 0.42764678687008784 0.3592233009708738 0.14748035136384652 0.061488673139158574 
0.004072134962187318 0.0924956369982548 0.314717859220477 0.49040139616055844 0.0983129726585224 
0.002079002079002079 0.0395010395010395 0.05197505197505198 0.15176715176715178 0.7546777546777547 
</TABLE>
</DEFINITION>
<DEFINITION>
<FOR>pixel11</FOR>
<GIVEN>emotion</GIVEN>
<GIVEN>pixel10</GIVEN>
<TABLE>
0.8926380368098159 0.10122699386503067 0.003067484662576687 0.003067484662576687 
0.028657205240174673 0.9615174672489083 0.00955240174672489 2.729257641921397E-4 
0.0013761467889908258 0.7729357798165137 0.22522935779816514 4.5871559633027525E-4 
8.223684210526315E-4 0.0649671052631579 0.915296052631579 0.018914473684210526 
0.0019083969465648854 0.009541984732824428 0.30343511450381677 0.6851145038167938 
0.4230769230769231 0.5 0.038461538461538464 0.038461538461538464 
0.002403846153846154 0.9879807692307693 0.007211538461538462 0.002403846153846154 
0.004032258064516129 0.6733870967741935 0.3185483870967742 0.004032258064516129 
0.00847457627118644 0.059322033898305086 0.923728813559322 0.00847457627118644 
0.015625 0.015625 0.171875 0.796875 
0.8358778625954199 0.15648854961832062 0.003816793893129771 0.003816793893129771 
0.02459490740740741 0.9684606481481481 0.006655092592592593 2.8935185185185184E-4 
4.329004329004329E-4 0.7891774891774892 0.20995670995670995 4.329004329004329E-4 
6.075334143377885E-4 0.06865127582017011 0.9240583232077765 0.006682867557715674 
0.001597444089456869 0.001597444089456869 0.2763578274760383 0.7204472843450479 
0.8455056179775281 0.14887640449438203 0.0028089887640449437 0.0028089887640449437 
0.016545075560187597 0.978764981761334 0.004559666492965086 1.3027618551328816E-4 
2.5799793601651185E-4 0.794891640866873 0.20459236326109392 2.5799793601651185E-4 
5.319148936170213E-4 0.07287234042553191 0.9228723404255319 0.003723404255319149 
0.0017793594306049821 0.005338078291814947 0.34341637010676157 0.6494661921708185 
0.8067010309278351 0.18814432989690721 0.002577319587628866 0.002577319587628866 
0.01598946576373213 0.9783671933784801 0.00545522949586155 1.8811136192626034E-4 
3.9277297721916735E-4 0.8095051060487038 0.18970934799685782 3.9277297721916735E-4 
7.78816199376947E-4 0.05685358255451713 0.9369158878504673 0.005451713395638629 
0.002512562814070352 0.007537688442211055 0.30402010050251255 0.6859296482412061 
0.8975 0.0975 0.0025 0.0025 
0.026024590163934425 0.967827868852459 0.005942622950819672 2.0491803278688525E-4 
0.0010775862068965517 0.7848419540229885 0.2122844827586207 0.0017959770114942528 
7.15307582260372E-4 0.08082975679542204 0.9163090128755365 0.002145922746781116 
0.0033783783783783786 0.0033783783783783786 0.375 0.6182432432432432 
0.8214285714285714 0.15476190476190477 0.011904761904761904 0.011904761904761904 
0.01699604743083004 0.975098814229249 0.007509881422924901 3.952569169960474E-4 
5.995203836930455E-4 0.7428057553956835 0.2559952038369305 5.995203836930455E-4 
7.132667617689016E-4 0.05064194008559201 0.9350927246790299 0.01355206847360913 
0.001326259946949602 0.003978779840848806 0.25596816976127323 0.7387267904509284 
</TABLE>
</DEFINITION>
<DEFINITION>
