<?xml version="1.0"?>
<!-- DTD for the XMLBIF 0.3 format -->
<!DOCTYPE BIF [
	<!ELEMENT BIF ( NETWORK )*>
	      <!ATTLIST BIF VERSION CDATA #REQUIRED>
	<!ELEMENT NETWORK ( NAME, ( PROPERTY | VARIABLE | DEFINITION )* )>
	<!ELEMENT NAME (#PCDATA)>
	<!ELEMENT VARIABLE ( NAME, ( OUTCOME |  PROPERTY )* ) >
	      <!ATTLIST VARIABLE TYPE (nature|decision|utility) "nature">
	<!ELEMENT OUTCOME (#PCDATA)>
	<!ELEMENT DEFINITION ( FOR | GIVEN | TABLE | PROPERTY )* >
	<!ELEMENT FOR (#PCDATA)>
	<!ELEMENT GIVEN (#PCDATA)>
	<!ELEMENT TABLE (#PCDATA)>
	<!ELEMENT PROPERTY (#PCDATA)>
]>


<BIF VERSION="0.3">
<NETWORK>
<NAME>faces-weka.filters.supervised.attribute.Discretize-Rfirst-last-precision6-weka.filters.unsupervised.attribute.ReplaceMissingValues</NAME>
<VARIABLE TYPE="nature">
<NAME>emotion</NAME>
<OUTCOME>angry</OUTCOME>
<OUTCOME>disgust</OUTCOME>
<OUTCOME>fear</OUTCOME>
<OUTCOME>happy</OUTCOME>
<OUTCOME>neutral</OUTCOME>
<OUTCOME>sad</OUTCOME>
<OUTCOME>surprise</OUTCOME>
</VARIABLE>
<VARIABLE TYPE="nature">
<NAME>pixel0</NAME>
<OUTCOME>&apos;\&apos;(-inf-0.448039]\&apos;&apos;</OUTCOME>
<OUTCOME>&apos;\&apos;(0.448039-0.688235]\&apos;&apos;</OUTCOME>
<OUTCOME>&apos;\&apos;(0.688235-0.789216]\&apos;&apos;</OUTCOME>
<OUTCOME>&apos;\&apos;(0.789216-inf)\&apos;&apos;</OUTCOME>
</VARIABLE>
<VARIABLE TYPE="nature">
<NAME>pixel1</NAME>
<OUTCOME>&apos;\&apos;(-inf-0.295588]\&apos;&apos;</OUTCOME>
<OUTCOME>&apos;\&apos;(0.295588-0.52451]\&apos;&apos;</OUTCOME>
<OUTCOME>&apos;\&apos;(0.52451-0.620098]\&apos;&apos;</OUTCOME>
<OUTCOME>&apos;\&apos;(0.620098-0.762745]\&apos;&apos;</OUTCOME>
<OUTCOME>&apos;\&apos;(0.762745-inf)\&apos;&apos;</OUTCOME>
</VARIABLE>
<VARIABLE TYPE="nature">
<NAME>pixel2</NAME>
<OUTCOME>&apos;\&apos;(-inf-0.152451]\&apos;&apos;</OUTCOME>
<OUTCOME>&apos;\&apos;(0.152451-0.40098]\&apos;&apos;</OUTCOME>
<OUTCOME>&apos;\&apos;(0.40098-0.657353]\&apos;&apos;</OUTCOME>
<OUTCOME>&apos;\&apos;(0.657353-0.768627]\&apos;&apos;</OUTCOME>
<OUTCOME>&apos;\&apos;(0.768627-inf)\&apos;&apos;</OUTCOME>
</VARIABLE>
<VARIABLE TYPE="nature">
<NAME>pixel3</NAME>
<OUTCOME>&apos;\&apos;(-inf-0.429412]\&apos;&apos;</OUTCOME>
<OUTCOME>&apos;\&apos;(0.429412-0.648529]\&apos;&apos;</OUTCOME>
<OUTCOME>&apos;\&apos;(0.648529-0.788235]\&apos;&apos;</OUTCOME>
<OUTCOME>&apos;\&apos;(0.788235-inf)\&apos;&apos;</OUTCOME>
</VARIABLE>
<VARIABLE TYPE="nature">
<NAME>pixel4</NAME>
<OUTCOME>&apos;\&apos;(-inf-0.408824]\&apos;&apos;</OUTCOME>
<OUTCOME>&apos;\&apos;(0.408824-0.705392]\&apos;&apos;</OUTCOME>
<OUTCOME>&apos;\&apos;(0.705392-0.794118]\&apos;&apos;</OUTCOME>
<OUTCOME>&apos;\&apos;(0.794118-inf)\&apos;&apos;</OUTCOME>
</VARIABLE>
<VARIABLE TYPE="nature">
<NAME>pixel5</NAME>
<OUTCOME>&apos;\&apos;(-inf-0.493627]\&apos;&apos;</OUTCOME>
<OUTCOME>&apos;\&apos;(0.493627-0.669608]\&apos;&apos;</OUTCOME>
<OUTCOME>&apos;\&apos;(0.669608-inf)\&apos;&apos;</OUTCOME>
</VARIABLE>
<VARIABLE TYPE="nature">
<NAME>pixel6</NAME>
<OUTCOME>&apos;\&apos;(-inf-0.080392]\&apos;&apos;</OUTCOME>
<OUTCOME>&apos;\&apos;(0.080392-0.542647]\&apos;&apos;</OUTCOME>
<OUTCOME>&apos;\&apos;(0.542647-0.663235]\&apos;&apos;</OUTCOME>
<OUTCOME>&apos;\&apos;(0.663235-inf)\&apos;&apos;</OUTCOME>
</VARIABLE>
<VARIABLE TYPE="nature">
<NAME>pixel7</NAME>
<OUTCOME>&apos;\&apos;(-inf-0.50098]\&apos;&apos;</OUTCOME>
<OUTCOME>&apos;\&apos;(0.50098-inf)\&apos;&apos;</OUTCOME>
</VARIABLE>
<VARIABLE TYPE="nature">
<NAME>pixel8</NAME>
<OUTCOME>&apos;\&apos;(-inf-0.181373]\&apos;&apos;</OUTCOME>
<OUTCOME>&apos;\&apos;(0.181373-0.565196]\&apos;&apos;</OUTCOME>
<OUTCOME>&apos;\&apos;(0.565196-inf)\&apos;&apos;</OUTCOME>
</VARIABLE>
<VARIABLE TYPE="nature">
<NAME>pixel9</NAME>
<OUTCOME>&apos;\&apos;(-inf-0.093137]\&apos;&apos;</OUTCOME>
<OUTCOME>&apos;\&apos;(0.093137-0.593137]\&apos;&apos;</OUTCOME>
<OUTCOME>&apos;\&apos;(0.593137-inf)\&apos;&apos;</OUTCOME>
</VARIABLE>
<VARIABLE TYPE="nature">
<NAME>pixel10</NAME>
<OUTCOME>&apos;\&apos;(-inf-0.020098]\&apos;&apos;</OUTCOME>
<OUTCOME>&apos;\&apos;(0.020098-0.435294]\&apos;&apos;</OUTCOME>
<OUTCOME>&apos;\&apos;(0.435294-0.735294]\&apos;&apos;</OUTCOME>
<OUTCOME>&apos;\&apos;(0.735294-0.972059]\&apos;&apos;</OUTCOME>
<OUTCOME>&apos;\&apos;(0.972059-inf)\&apos;&apos;</OUTCOME>
</VARIABLE>
<VARIABLE TYPE="nature">
<NAME>pixel11</NAME>
<OUTCOME>&apos;\&apos;(-inf-0.026961]\&apos;&apos;</OUTCOME>
<OUTCOME>&apos;\&apos;(0.026961-0.676471]\&apos;&apos;</OUTCOME>
<OUTCOME>&apos;\&apos;(0.676471-0.991667]\&apos;&apos;</OUTCOME>
<OUTCOME>&apos;\&apos;(0.991667-inf)\&apos;&apos;</OUTCOME>
</VARIABLE>
<VARIABLE TYPE="nature">
<NAME>pixel12</NAME>
<OUTCOME>&apos;\&apos;(-inf-0.603922]\&apos;&apos;</OUTCOME>
<OUTCOME>&apos;\&apos;(0.603922-0.976471]\&apos;&apos;</OUTCOME>
<OUTCOME>&apos;\&apos;(0.976471-inf)\&apos;&apos;</OUTCOME>
</VARIABLE>
<VARIABLE TYPE="nature">
<NAME>pixel13</NAME>
<OUTCOME>&apos;\&apos;(-inf-0.493137]\&apos;&apos;</OUTCOME>
<OUTCOME>&apos;\&apos;(0.493137-0.675]\&apos;&apos;</OUTCOME>
<OUTCOME>&apos;\&apos;(0.675-0.957353]\&apos;&apos;</OUTCOME>
<OUTCOME>&apos;\&apos;(0.957353-inf)\&apos;&apos;</OUTCOME>
</VARIABLE>
<VARIABLE TYPE="nature">
<NAME>pixel14</NAME>
<OUTCOME>&apos;\&apos;(-inf-0.585294]\&apos;&apos;</OUTCOME>
<OUTCOME>&apos;\&apos;(0.585294-0.985784]\&apos;&apos;</OUTCOME>
<OUTCOME>&apos;\&apos;(0.985784-inf)\&apos;&apos;</OUTCOME>
</VARIABLE>
<VARIABLE TYPE="nature">
<NAME>pixel15</NAME>
<OUTCOME>&apos;\&apos;(-inf-0.016176]\&apos;&apos;</OUTCOME>
<OUTCOME>&apos;\&apos;(0.016176-0.180392]\&apos;&apos;</OUTCOME>
<OUTCOME>&apos;\&apos;(0.180392-0.389216]\&apos;&apos;</OUTCOME>
<OUTCOME>&apos;\&apos;(0.389216-0.587255]\&apos;&apos;</OUTCOME>
<OUTCOME>&apos;\&apos;(0.587255-inf)\&apos;&apos;</OUTCOME>
</VARIABLE>
<VARIABLE TYPE="nature">
<NAME>pixel16</NAME>
<OUTCOME>&apos;\&apos;(-inf-0.161275]\&apos;&apos;</OUTCOME>
<OUTCOME>&apos;\&apos;(0.161275-0.362745]\&apos;&apos;</OUTCOME>
<OUTCOME>&apos;\&apos;(0.362745-0.498039]\&apos;&apos;</OUTCOME>
<OUTCOME>&apos;\&apos;(0.498039-0.606863]\&apos;&apos;</OUTCOME>
<OUTCOME>&apos;\&apos;(0.606863-inf)\&apos;&apos;</OUTCOME>
</VARIABLE>
<VARIABLE TYPE="nature">
<NAME>pixel17</NAME>
<OUTCOME>&apos;\&apos;(-inf-0.194608]\&apos;&apos;</OUTCOME>
<OUTCOME>&apos;\&apos;(0.194608-0.288725]\&apos;&apos;</OUTCOME>
<OUTCOME>&apos;\&apos;(0.288725-0.491667]\&apos;&apos;</OUTCOME>
<OUTCOME>&apos;\&apos;(0.491667-inf)\&apos;&apos;</OUTCOME>
</VARIABLE>
<VARIABLE TYPE="nature">
<NAME>pixel18</NAME>
<OUTCOME>&apos;\&apos;(-inf-0.151961]\&apos;&apos;</OUTCOME>
<OUTCOME>&apos;\&apos;(0.151961-0.334804]\&apos;&apos;</OUTCOME>
<OUTCOME>&apos;\&apos;(0.334804-0.541667]\&apos;&apos;</OUTCOME>
<OUTCOME>&apos;\&apos;(0.541667-inf)\&apos;&apos;</OUTCOME>
</VARIABLE>
<VARIABLE TYPE="nature">
<NAME>pixel19</NAME>
<OUTCOME>&apos;\&apos;(-inf-0.207843]\&apos;&apos;</OUTCOME>
<OUTCOME>&apos;\&apos;(0.207843-0.405392]\&apos;&apos;</OUTCOME>
<OUTCOME>&apos;\&apos;(0.405392-0.571078]\&apos;&apos;</OUTCOME>
<OUTCOME>&apos;\&apos;(0.571078-inf)\&apos;&apos;</OUTCOME>
</VARIABLE>
<VARIABLE TYPE="nature">
<NAME>pixel20</NAME>
<OUTCOME>&apos;\&apos;(-inf-0.090686]\&apos;&apos;</OUTCOME>
<OUTCOME>&apos;\&apos;(0.090686-0.337255]\&apos;&apos;</OUTCOME>
<OUTCOME>&apos;\&apos;(0.337255-inf)\&apos;&apos;</OUTCOME>
</VARIABLE>
<VARIABLE TYPE="nature">
<NAME>pixel21</NAME>
<OUTCOME>&apos;\&apos;(-inf-0.156373]\&apos;&apos;</OUTCOME>
<OUTCOME>&apos;\&apos;(0.156373-0.503431]\&apos;&apos;</OUTCOME>
<OUTCOME>&apos;\&apos;(0.503431-0.991667]\&apos;&apos;</OUTCOME>
<OUTCOME>&apos;\&apos;(0.991667-inf)\&apos;&apos;</OUTCOME>
</VARIABLE>
<VARIABLE TYPE="nature">
<NAME>pixel22</NAME>
<OUTCOME>&apos;\&apos;(-inf-0.355882]\&apos;&apos;</OUTCOME>
<OUTCOME>&apos;\&apos;(0.355882-0.978431]\&apos;&apos;</OUTCOME>
<OUTCOME>&apos;\&apos;(0.978431-inf)\&apos;&apos;</OUTCOME>
</VARIABLE>
<VARIABLE TYPE="nature">
<NAME>pixel23</NAME>
<OUTCOME>&apos;\&apos;(-inf-0.058333]\&apos;&apos;</OUTCOME>
<OUTCOME>&apos;\&apos;(0.058333-0.289706]\&apos;&apos;</OUTCOME>
<OUTCOME>&apos;\&apos;(0.289706-0.634314]\&apos;&apos;</OUTCOME>
<OUTCOME>&apos;\&apos;(0.634314-0.967157]\&apos;&apos;</OUTCOME>
<OUTCOME>&apos;\&apos;(0.967157-inf)\&apos;&apos;</OUTCOME>
</VARIABLE>
<VARIABLE TYPE="nature">
<NAME>pixel24</NAME>
<OUTCOME>&apos;\&apos;(-inf-0.159314]\&apos;&apos;</OUTCOME>
<OUTCOME>&apos;\&apos;(0.159314-0.546569]\&apos;&apos;</OUTCOME>
<OUTCOME>&apos;\&apos;(0.546569-0.960784]\&apos;&apos;</OUTCOME>
<OUTCOME>&apos;\&apos;(0.960784-inf)\&apos;&apos;</OUTCOME>
</VARIABLE>
<VARIABLE TYPE="nature">
<NAME>pixel25</NAME>
<OUTCOME>&apos;\&apos;(-inf-0.328431]\&apos;&apos;</OUTCOME>
<OUTCOME>&apos;\&apos;(0.328431-0.627451]\&apos;&apos;</OUTCOME>
<OUTCOME>&apos;\&apos;(0.627451-0.758824]\&apos;&apos;</OUTCOME>
<OUTCOME>&apos;\&apos;(0.758824-inf)\&apos;&apos;</OUTCOME>
</VARIABLE>
<VARIABLE TYPE="nature">
<NAME>pixel26</NAME>
<OUTCOME>&apos;\&apos;(-inf-0.419608]\&apos;&apos;</OUTCOME>
<OUTCOME>&apos;\&apos;(0.419608-0.614706]\&apos;&apos;</OUTCOME>
<OUTCOME>&apos;\&apos;(0.614706-0.761765]\&apos;&apos;</OUTCOME>
<OUTCOME>&apos;\&apos;(0.761765-inf)\&apos;&apos;</OUTCOME>
</VARIABLE>
<VARIABLE TYPE="nature">
<NAME>pixel27</NAME>
<OUTCOME>&apos;\&apos;(-inf-0.465686]\&apos;&apos;</OUTCOME>
<OUTCOME>&apos;\&apos;(0.465686-0.639216]\&apos;&apos;</OUTCOME>
<OUTCOME>&apos;\&apos;(0.639216-0.772059]\&apos;&apos;</OUTCOME>
<OUTCOME>&apos;\&apos;(0.772059-inf)\&apos;&apos;</OUTCOME>
</VARIABLE>
<VARIABLE TYPE="nature">
<NAME>pixel28</NAME>
<OUTCOME>&apos;\&apos;(-inf-0.466667]\&apos;&apos;</OUTCOME>
<OUTCOME>&apos;\&apos;(0.466667-0.684804]\&apos;&apos;</OUTCOME>
<OUTCOME>&apos;\&apos;(0.684804-0.77598]\&apos;&apos;</OUTCOME>
<OUTCOME>&apos;\&apos;(0.77598-inf)\&apos;&apos;</OUTCOME>
</VARIABLE>
<VARIABLE TYPE="nature">
<NAME>pixel29</NAME>
<OUTCOME>&apos;\&apos;(-inf-0.477451]\&apos;&apos;</OUTCOME>
<OUTCOME>&apos;\&apos;(0.477451-0.644608]\&apos;&apos;</OUTCOME>
<OUTCOME>&apos;\&apos;(0.644608-0.768137]\&apos;&apos;</OUTCOME>
<OUTCOME>&apos;\&apos;(0.768137-inf)\&apos;&apos;</OUTCOME>
</VARIABLE>
<VARIABLE TYPE="nature">
<NAME>pixel30</NAME>
<OUTCOME>&apos;\&apos;(-inf-0.22402]\&apos;&apos;</OUTCOME>
<OUTCOME>&apos;\&apos;(0.22402-0.405882]\&apos;&apos;</OUTCOME>
<OUTCOME>&apos;\&apos;(0.405882-0.676961]\&apos;&apos;</OUTCOME>
<OUTCOME>&apos;\&apos;(0.676961-0.822059]\&apos;&apos;</OUTCOME>
<OUTCOME>&apos;\&apos;(0.822059-inf)\&apos;&apos;</OUTCOME>
</VARIABLE>
<VARIABLE TYPE="nature">
<NAME>pixel31</NAME>
<OUTCOME>&apos;\&apos;(-inf-0.279412]\&apos;&apos;</OUTCOME>
<OUTCOME>&apos;\&apos;(0.279412-0.480882]\&apos;&apos;</OUTCOME>
<OUTCOME>&apos;\&apos;(0.480882-0.648039]\&apos;&apos;</OUTCOME>
<OUTCOME>&apos;\&apos;(0.648039-0.745098]\&apos;&apos;</OUTCOME>
<OUTCOME>&apos;\&apos;(0.745098-inf)\&apos;&apos;</OUTCOME>
</VARIABLE>
<VARIABLE TYPE="nature">
<NAME>pixel32</NAME>
<OUTCOME>&apos;\&apos;(-inf-0.448039]\&apos;&apos;</OUTCOME>
<OUTCOME>&apos;\&apos;(0.448039-0.688235]\&apos;&apos;</OUTCOME>
<OUTCOME>&apos;\&apos;(0.688235-0.789216]\&apos;&apos;</OUTCOME>
<OUTCOME>&apos;\&apos;(0.789216-inf)\&apos;&apos;</OUTCOME>
</VARIABLE>
<VARIABLE TYPE="nature">
<NAME>pixel33</NAME>
<OUTCOME>&apos;\&apos;(-inf-0.428922]\&apos;&apos;</OUTCOME>
<OUTCOME>&apos;\&apos;(0.428922-0.598039]\&apos;&apos;</OUTCOME>
<OUTCOME>&apos;\&apos;(0.598039-0.75]\&apos;&apos;</OUTCOME>
<OUTCOME>&apos;\&apos;(0.75-inf)\&apos;&apos;</OUTCOME>
</VARIABLE>
<VARIABLE TYPE="nature">
<NAME>pixel34</NAME>
<OUTCOME>&apos;\&apos;(-inf-0.477451]\&apos;&apos;</OUTCOME>
<OUTCOME>&apos;\&apos;(0.477451-0.644608]\&apos;&apos;</OUTCOME>
<OUTCOME>&apos;\&apos;(0.644608-0.768137]\&apos;&apos;</OUTCOME>
<OUTCOME>&apos;\&apos;(0.768137-inf)\&apos;&apos;</OUTCOME>
</VARIABLE>
<DEFINITION>
<FOR>emotion</FOR>
<TABLE>
0.13740923259094154 0.014853640273738833 0.14420046319675414 0.24955160464589826 0.17261915127030839 0.16958921761540738 0.11177669040695143 
</TABLE>
</DEFINITION>
<DEFINITION>
<FOR>pixel0</FOR>
<GIVEN>emotion</GIVEN>
<TABLE>
0.29579427413225234 0.42171269318469723 0.17367620977957943 0.10881682290347099 
0.2161214953271028 0.4871495327102804 0.16238317757009346 0.13434579439252337 
0.19157411878319652 0.415620473201352 0.21450989859971029 0.17829550941574118 
0.23168689828380076 0.45297893121250177 0.18243337519185154 0.13290079531184595 
0.22478822105687776 0.38594191206131506 0.18767648245260185 0.20159338442920532 
0.2832067337302402 0.41172243892424554 0.17049887086840484 0.13457195647710943 
0.08797882279663656 0.324976642790408 0.25615073185923387 0.3308938025537216 
</TABLE>
</DEFINITION>
<DEFINITION>
<FOR>pixel1</FOR>
<GIVEN>emotion</GIVEN>
<GIVEN>pixel0</GIVEN>
<TABLE>
0.23728088926891835 0.430525865754596 0.14493373236425822 0.12612227447627192 0.061137238135955535 
0.08070807080708071 0.2901290129012901 0.2565256525652565 0.2901290129012901 0.08250825082508251 
0.05309090909090909 0.19127272727272726 0.16945454545454544 0.3658181818181818 0.22036363636363637 
0.05909617612977984 0.11471610660486674 0.10312862108922363 0.24913093858632676 0.473928157589803 
0.13227513227513227 0.5132275132275133 0.13227513227513227 0.164021164021164 0.0582010582010582 
0.030878859857482184 0.23990498812351543 0.27315914489311166 0.33016627078384797 0.12589073634204276 
0.04895104895104895 0.16083916083916083 0.11888111888111888 0.3706293706293706 0.3006993006993007 
0.025210084033613446 0.07563025210084033 0.14285714285714285 0.17647058823529413 0.5798319327731093 
0.17661847894406035 0.37774984286612195 0.17410433689503457 0.16027655562539284 0.11125078566939033 
0.0670147954743255 0.240498984624311 0.240498984624311 0.3130258195532347 0.13896141572381782 
0.03425042111173498 0.10724312184166199 0.14093206064008984 0.42167321729365526 0.29590117911285796 
0.041188386225523295 0.09115462525320729 0.07089804186360567 0.28966914247130315 0.5070898041863605 
0.20962406015037593 0.4959398496240601 0.13022556390977444 0.11218045112781955 0.052030075187969926 
0.04540557180237032 0.30983530860397107 0.24519008773279977 0.3042942896721564 0.09527474218870248 
0.019473081328751432 0.13402061855670103 0.14012982054219167 0.46926307751050017 0.23711340206185566 
0.018334206390780514 0.1000523834468308 0.07805133577789418 0.28758512310110007 0.5159769512833945 
0.23063143752798926 0.432154052843708 0.11957008508732647 0.1330049261083744 0.08463949843260188 
0.058731401722787784 0.27695118767945703 0.23936309057687288 0.30566431741059774 0.11929000261028452 
0.02520107238605898 0.14316353887399463 0.09919571045576407 0.44235924932975873 0.2900804289544236 
0.03544682975536695 0.07239141288067898 0.06640039940089865 0.2710933599600599 0.5546679980029955 
0.2211364458921462 0.43467245747376043 0.1328266377126312 0.13716974303293522 0.07419471588852697 
0.08692403486924034 0.3165628891656289 0.2323785803237858 0.26425902864259027 0.09987546699875467 
0.05225225225225225 0.18078078078078078 0.16756756756756758 0.3621621621621622 0.23723723723723725 
0.05399239543726236 0.1391634980988593 0.0844106463878327 0.26387832699619773 0.4585551330798479 
0.14586994727592267 0.28646748681898065 0.15289982425307558 0.24428822495606328 0.1704745166959578 
0.031085604973696796 0.18507890961262555 0.20899091343854614 0.3648971783835485 0.209947393591583 
0.01758641600970285 0.10733778047301394 0.12916919345057612 0.41297756215888415 0.3329290479078229 
0.013621418506341005 0.09816815406294034 0.07280413339596055 0.24753405354626584 0.5678722404884923 
</TABLE>
</DEFINITION>
<DEFINITION>
<FOR>pixel2</FOR>
<GIVEN>emotion</GIVEN>
<GIVEN>pixel0</GIVEN>
<TABLE>
0.12270200940572894 0.5604959384352287 0.28858486532706284 0.020094057289439932 0.008123129542539546 
0.0051005100510051 0.0927092709270927 0.6927692769276927 0.17371737173717372 0.035703570357035704 
0.002181818181818182 0.01818181818181818 0.3396363636363636 0.4152727272727273 0.22472727272727272 
0.0011587485515643105 0.008111239860950173 0.0984936268829664 0.26998841251448435 0.6222479721900348 
0.047619047619047616 0.5873015873015873 0.3439153439153439 0.015873015873015872 0.005291005291005291 
0.0023752969121140144 0.09738717339667459 0.6199524940617577 0.23040380047505937 0.0498812351543943 
0.006993006993006993 0.02097902097902098 0.24475524475524477 0.42657342657342656 0.3006993006993007 
0.008403361344537815 0.008403361344537815 0.09243697478991597 0.29411764705882354 0.5966386554621849 
0.09239472030169704 0.5700817096165933 0.30106851037083593 0.0295411690760528 0.0069138906348208675 
0.0020307513780098638 0.11575282854656223 0.6692776327241079 0.16042935886277923 0.05250942848854076 
0.0016844469399213925 0.021897810218978103 0.25210555867490175 0.5272318921953958 0.19708029197080293 
6.752194463200541E-4 0.004726536124240378 0.07089804186360567 0.23295070898041864 0.6907494935854153 
0.04360902255639098 0.5476691729323309 0.3798496240601504 0.021954887218045113 0.0069172932330827065 
0.0010774203478528552 0.060797291057411114 0.7127905187009389 0.19224257349545945 0.033092196398337693 
3.8182512409316535E-4 0.0057273768613974796 0.25162275677739593 0.5158457426498664 0.22642229858724705 
5.238344683080147E-4 0.003666841278156103 0.060240963855421686 0.21843897328444212 0.7171293871136721 
0.08732646663681147 0.619346171070309 0.27630989699955216 0.011195700850873265 0.005821764442454098 
0.0028713129731140694 0.10676063690942313 0.711824588880188 0.16053249804228661 0.018010963194988253 
0.0016085790884718498 0.014477211796246649 0.29115281501340484 0.503485254691689 0.18927613941018767 
0.0014977533699450823 0.008487269096355467 0.07239141288067898 0.23015476784822766 0.6874687968047928 
0.10749185667752444 0.564965617082881 0.3043792978646399 0.017010495837857402 0.006152732537097358 
0.0037359900373599006 0.12727272727272726 0.6826899128268992 0.1576587795765878 0.028642590286425903 
6.006006006006006E-4 0.022222222222222223 0.2840840840840841 0.49309309309309307 0.2 
7.604562737642585E-4 0.006844106463878327 0.06463878326996197 0.24258555133079848 0.685171102661597 
0.08611599297012303 0.6098418277680141 0.28998242530755713 0.012302284710017574 0.0017574692442882249 
0.008130081300813009 0.10760401721664276 0.6633189861310378 0.18029650884744142 0.04065040650406504 
6.064281382656155E-4 0.01879927228623408 0.26379624014554276 0.5451788963007883 0.1716191631291692 
4.697040864255519E-4 0.0023485204321277596 0.04462188821042743 0.20713950211366838 0.7454203851573509 
</TABLE>
</DEFINITION>
<DEFINITION>
<FOR>pixel3</FOR>
<GIVEN>emotion</GIVEN>
<GIVEN>pixel0</GIVEN>
<TABLE>
0.8036783575705732 0.17236954662104362 0.018391787852865698 0.005560307955517536 
0.13955582232893157 0.6617647058823529 0.18577430972388956 0.01290516206482593 
0.029839883551673944 0.17540029112081515 0.673216885007278 0.1215429403202329 
0.010440835266821345 0.0568445475638051 0.2703016241299304 0.6624129930394431 
0.8457446808510638 0.14361702127659576 0.005319148936170213 0.005319148936170213 
0.07380952380952381 0.6547619047619048 0.25476190476190474 0.016666666666666666 
0.04929577464788732 0.11971830985915492 0.6267605633802817 0.20422535211267606 
0.0423728813559322 0.00847457627118644 0.2627118644067797 0.6864406779661016 
0.789308176100629 0.18050314465408804 0.024528301886792454 0.005660377358490566 
0.1256529309344167 0.6694718514219384 0.18717353453279165 0.017701683110853163 
0.014044943820224719 0.1904494382022472 0.6758426966292135 0.1196629213483146 
0.007432432432432433 0.038513513513513516 0.28716216216216217 0.6668918918918919 
0.7728640192539109 0.20848375451263537 0.015342960288808664 0.003309265944645006 
0.14608990147783252 0.6722598522167488 0.17195197044334976 0.009698275862068966 
0.02559205500381971 0.23720397249809014 0.6405653170359052 0.09663865546218488 
0.0110062893081761 0.05712788259958071 0.3579664570230608 0.5738993710691824 
0.817652329749104 0.16980286738351255 0.011200716845878136 0.0013440860215053765 
0.106266318537859 0.6963446475195822 0.19138381201044385 0.0060052219321148825 
0.013412017167381975 0.12607296137339055 0.7719957081545065 0.08851931330472103 
0.0034965034965034965 0.025474525474525476 0.2152847152847153 0.7557442557442557 
0.8106444605358436 0.1777697320782042 0.0068790731354091235 0.004706734250543085 
0.13627304434479323 0.6858495266567015 0.16218236173393125 0.01569506726457399 
0.01622596153846154 0.18209134615384615 0.6941105769230769 0.10757211538461539 
0.00380517503805175 0.04946727549467275 0.2595129375951294 0.6872146118721462 
0.7693661971830986 0.20598591549295775 0.01584507042253521 0.008802816901408451 
0.08373205741626795 0.6808612440191387 0.21866028708133972 0.01674641148325359 
0.007888349514563107 0.13531553398058252 0.7870145631067961 0.06978155339805825 
0.005169172932330827 0.026785714285714284 0.23543233082706766 0.7326127819548872 
</TABLE>
</DEFINITION>
<DEFINITION>
<FOR>pixel4</FOR>
<GIVEN>emotion</GIVEN>
<GIVEN>pixel0</GIVEN>
<TABLE>
0.6086398631308811 0.37082976903336184 0.013259195893926433 0.007271171941830625 
0.0351140456182473 0.8016206482593037 0.12454981992797119 0.03871548619447779 
0.009461426491994178 0.2700145560407569 0.5087336244541485 0.21179039301310043 
0.012761020881670533 0.04524361948955916 0.16357308584686775 0.7784222737819025 
0.5904255319148937 0.3882978723404255 0.015957446808510637 0.005319148936170213 
0.04047619047619048 0.75 0.1595238095238095 0.05 
0.007042253521126761 0.2605633802816901 0.4295774647887324 0.3028169014084507 
0.00847457627118644 0.059322033898305086 0.11016949152542373 0.8220338983050848 
0.550314465408805 0.43836477987421385 0.006918238993710692 0.00440251572327044 
0.0351131746952989 0.7988972721996518 0.1395821242019733 0.02640742890307603 
0.008426966292134831 0.1960674157303371 0.5623595505617978 0.23314606741573032 
0.002027027027027027 0.03175675675675676 0.13445945945945945 0.8317567567567568 
0.5249699157641395 0.4527677496991576 0.018351383874849577 0.003910950661853189 
0.03432881773399015 0.7680110837438424 0.16302339901477833 0.034636699507389165 
0.007257448433919022 0.2203972498090145 0.529029793735676 0.24331550802139038 
0.003668763102725367 0.04035639412997904 0.1640461215932914 0.7919287211740041 
0.646505376344086 0.34274193548387094 0.005824372759856631 0.00492831541218638 
0.03629242819843342 0.8362924281984334 0.11044386422976502 0.016971279373368148 
0.0037553648068669528 0.1968884120171674 0.6089055793991416 0.19045064377682402 
0.005494505494505495 0.032467532467532464 0.11638361638361638 0.8456543456543456 
0.6412020275162925 0.34866039102099927 0.006154960173787111 0.0039826212889210715 
0.04708520179372197 0.830842052815147 0.09940209267563528 0.022670652715495766 
0.006610576923076923 0.2566105769230769 0.5354567307692307 0.2013221153846154 
0.00380517503805175 0.05098934550989345 0.12557077625570776 0.819634703196347 
0.5158450704225352 0.4735915492957746 0.00528169014084507 0.00528169014084507 
0.02631578947368421 0.762200956937799 0.1813397129186603 0.03014354066985646 
0.0018203883495145632 0.16444174757281554 0.5794902912621359 0.254247572815534 
4.6992481203007516E-4 0.01550751879699248 0.11231203007518797 0.8717105263157895 
</TABLE>
</DEFINITION>
<DEFINITION>
<FOR>pixel5</FOR>
<GIVEN>emotion</GIVEN>
<GIVEN>pixel1</GIVEN>
<TABLE>
0.6346356916578669 0.18479408658922913 0.1805702217529039 
0.49721627408993574 0.2616702355460385 0.24111349036402568 
0.3768976897689769 0.266006600660066 0.3570957095709571 
0.3218797372410308 0.2177867609903992 0.46033350176856996 
0.32683790965456155 0.1355181576616475 0.537643932683791 
0.6595744680851063 0.3191489361702128 0.02127659574468085 
0.3624454148471616 0.32751091703056767 0.31004366812227074 
0.32947976878612717 0.26011560693641617 0.41040462427745666 
0.13580246913580246 0.29218106995884774 0.5720164609053497 
0.15428571428571428 0.06285714285714286 0.7828571428571428 
0.655608214849921 0.1627172195892575 0.18167456556082148 
0.5361823361823361 0.25584045584045584 0.20797720797720798 
0.35660506502395617 0.3483915126625599 0.2950034223134839 
0.33147632311977715 0.24154397134898528 0.42697970553123754 
0.26539058458354886 0.15157785825142267 0.5830315571650284 
0.6787372330547818 0.16434540389972144 0.15691736304549675 
0.5308113252438734 0.2790863668807994 0.19010230787532714 
0.3970877607241244 0.3254624163715073 0.27744982290436837 
0.3477102011146111 0.2318875696631936 0.4204022292221953 
0.26992073425114727 0.13975803087192323 0.5903212348769294 
0.7829638273045507 0.14352392065344224 0.073512252042007 
0.6569552728764875 0.2170701682396389 0.12597455888387363 
0.48567621585609594 0.2911392405063291 0.22318454363757495 
0.4271604938271605 0.2345679012345679 0.33827160493827163 
0.39050936003482806 0.14323030039181542 0.46626033957335655 
0.7188898836168308 0.1674127126230976 0.11369740376007162 
0.5722504230118444 0.256175972927242 0.1715736040609137 
0.39372409709887507 0.3191237418590882 0.2871521610420367 
0.374633737965676 0.22812892423608205 0.39723733779824194 
0.32751091703056767 0.15283842794759825 0.519650655021834 
0.6097560975609756 0.2682926829268293 0.12195121951219512 
0.49732620320855614 0.3155080213903743 0.18716577540106952 
0.4163860830527497 0.29068462401795736 0.29292929292929293 
0.3665244191559981 0.22617354196301565 0.40730203888098626 
0.26559092891408637 0.14871347579590058 0.5856955952900131 
</TABLE>
</DEFINITION>
<DEFINITION>
<FOR>pixel6</FOR>
<GIVEN>emotion</GIVEN>
<GIVEN>pixel5</GIVEN>
<TABLE>
0.09736369083283403 0.8091671659676453 0.06440982624325944 0.029059316956261235 
0.0028216704288939053 0.2443566591422122 0.48927765237020315 0.26354401805869077 
0.0010744985673352436 0.02972779369627507 0.09419770773638969 0.875 
0.021739130434782608 0.8043478260869565 0.14347826086956522 0.030434782608695653 
0.004629629629629629 0.09722222222222222 0.7175925925925926 0.18055555555555555 
0.0023923444976076554 0.045454545454545456 0.07894736842105263 0.8732057416267942 
0.08597144630664184 0.7929857231533209 0.09031657355679702 0.030726256983240222 
5.102040816326531E-4 0.2729591836734694 0.45663265306122447 0.2698979591836735 
9.646302250803858E-4 0.036334405144694534 0.08070739549839229 0.8819935691318328 
0.079477858559154 0.8117977528089888 0.08013879709187045 0.02858559153998678 
0.002018454440599769 0.2373125720876586 0.49279123414071513 0.26787773933102654 
2.0738282870178348E-4 0.03380340107839071 0.07652426379095811 0.8894649523019494 
0.11217697729052467 0.8102975724353955 0.058144087705559906 0.01938136256851997 
0.0033621517771373678 0.2771373679154659 0.4807877041306436 0.23871277617675313 
3.65764447695684E-4 0.036942209217264085 0.07937088514996342 0.8833211411850768 
0.11293141109654871 0.7961992136304062 0.061380515508955874 0.02948885976408912 
0.003961267605633803 0.2794894366197183 0.49691901408450706 0.21963028169014084 
3.448275862068965E-4 0.04793103448275862 0.10379310344827586 0.8479310344827586 
0.0448334756618275 0.8236549957301452 0.0807002561912895 0.05081127241673783 
7.012622720897616E-4 0.2517531556802244 0.45652173913043476 0.29102384291725103 
3.756574004507889E-4 0.02291510142749812 0.06574004507888806 0.9109691960931631 
</TABLE>
</DEFINITION>
<DEFINITION>
<FOR>pixel7</FOR>
<GIVEN>emotion</GIVEN>
<GIVEN>pixel5</GIVEN>
<TABLE>
0.901378896882494 0.09862110311750599 
0.10451977401129943 0.8954802259887006 
0.005376344086021506 0.9946236559139785 
0.8728070175438597 0.12719298245614036 
0.07009345794392523 0.9299065420560748 
0.021634615384615384 0.9783653846153846 
0.9059006211180124 0.09409937888198758 
0.10367722165474974 0.8963227783452502 
0.00933075933075933 0.9906692406692407 
0.9069421487603305 0.09305785123966942 
0.1070398153491056 0.8929601846508944 
0.006431535269709543 0.9935684647302905 
0.935957696827262 0.06404230317273796 
0.13028846153846155 0.8697115384615385 
0.009882869692532943 0.9901171303074671 
0.9101835664335665 0.08981643356643357 
0.11145374449339207 0.8885462555066079 
0.010006901311249138 0.9899930986887508 
0.8824786324786325 0.11752136752136752 
0.11587078651685394 0.8841292134831461 
0.008646616541353383 0.9913533834586467 
</TABLE>
</DEFINITION>
<DEFINITION>
<FOR>pixel8</FOR>
<GIVEN>emotion</GIVEN>
<GIVEN>pixel6</GIVEN>
<TABLE>
0.9819819819819819 0.015015015015015015 0.003003003003003003 
0.17127758781473423 0.7743239042586261 0.05439850792663973 
7.434944237918215E-4 0.28178438661710037 0.7174721189591078 
3.325573661456601E-4 0.016960425673428665 0.9827070169604257 
0.7142857142857143 0.14285714285714285 0.14285714285714285 
0.19111111111111112 0.7955555555555556 0.013333333333333334 
0.004524886877828055 0.13122171945701358 0.8642533936651584 
0.0024330900243309003 0.012165450121654502 0.9854014598540146 
0.9644128113879004 0.03202846975088968 0.0035587188612099642 
0.16952856696846708 0.771464252263503 0.05900718076802997 
0.0020876826722338203 0.24843423799582465 0.7494780793319415 
2.966478789676654E-4 0.02046870364876891 0.9792346484722634 
0.967280163599182 0.03067484662576687 0.002044989775051125 
0.17714866926597728 0.7769113409052382 0.04593998982878454 
0.0011705033164260631 0.25087787748731954 0.7479516191962544 
1.854943424225561E-4 0.009089222778705249 0.9907252828788722 
0.9724612736660929 0.025817555938037865 0.0017211703958691911 
0.22192235831430351 0.742993564459207 0.03508407722648951 
6.600660066006601E-4 0.2382838283828383 0.761056105610561 
3.3211557622052476E-4 0.016273663234805714 0.9833942211889738 
0.969639468690702 0.028462998102466792 0.0018975332068311196 
0.1767368182846798 0.7741570491061326 0.0491061326091876 
0.0017533606078316774 0.29748684979544127 0.700759789596727 
3.2331070158422246E-4 0.01972195279663757 0.9799547365017782 
0.9626168224299065 0.028037383177570093 0.009345794392523364 
0.1673052362707535 0.7709663686675181 0.06172839506172839 
9.852216748768472E-4 0.25517241379310346 0.7438423645320197 
3.379520108144643E-4 0.010476512335248395 0.9891855356539372 
</TABLE>
</DEFINITION>
<DEFINITION>
<FOR>pixel9</FOR>
<GIVEN>emotion</GIVEN>
<GIVEN>pixel5</GIVEN>
<TABLE>
0.13814803715912496 0.8405753670961942 0.02127659574468085 
5.64652738565782E-4 0.5911914172783738 0.4082439299830604 
3.5829451809387314E-4 0.031171623074166967 0.9684700824077391 
0.039301310043668124 0.9563318777292577 0.004366812227074236 
0.004651162790697674 0.6 0.3953488372093023 
0.002398081534772182 0.016786570743405275 0.9808153477218226 
0.11828624650729587 0.8702266376901583 0.011487115802545793 
0.002552322613578356 0.6110260336906586 0.38642164369576315 
3.21646831778707E-4 0.03312962367320682 0.9665487294950145 
0.11816228722525203 0.8625020657742521 0.019335647000495785 
2.8843380444188056E-4 0.6434958177098355 0.3562157484857225 
2.0742584526031943E-4 0.03920348475420037 0.9605890894005393 
0.16115136087722734 0.8261210103779126 0.012727628744859996 
0.0014416146083613647 0.6597789524267179 0.3387794329649207 
3.6589828027808267E-4 0.04207830223197951 0.9575557994877424 
0.15053528512125847 0.8361372077780206 0.013327507100720996 
4.4033465433729633E-4 0.6081021576398062 0.39145750770585647 
3.4494653328734045E-4 0.03966885132804415 0.9599862021386685 
0.10636480136693721 0.881247330200769 0.012387868432293891 
7.017543859649122E-4 0.6056140350877193 0.3936842105263158 
3.757985719654265E-4 0.048478015783540024 0.9511461856444946 
</TABLE>
</DEFINITION>
<DEFINITION>
<FOR>pixel10</FOR>
<GIVEN>emotion</GIVEN>
<GIVEN>pixel2</GIVEN>
<TABLE>
0.21035598705501618 0.4692556634304207 0.22330097087378642 0.04854368932038835 0.04854368932038835 
0.04295220810647308 0.5559588626739262 0.249848759830611 0.11070780399274047 0.04053236539624924 
0.035340684195646024 0.48770144189991516 0.2875318066157761 0.12864009047215155 0.06078597681651117 
0.023060796645702306 0.35709294199860236 0.32354996505939904 0.21593291404612158 0.0803633822501747 
0.03350253807106599 0.37055837563451777 0.22233502538071065 0.25888324873096447 0.11472081218274112 
0.23076923076923078 0.5384615384615384 0.07692307692307693 0.07692307692307693 0.07692307692307693 
0.044585987261146494 0.5286624203821656 0.28662420382165604 0.08280254777070063 0.05732484076433121 
0.01876675603217158 0.5924932975871313 0.26541554959785524 0.0777479892761394 0.045576407506702415 
0.025380710659898477 0.350253807106599 0.350253807106599 0.17766497461928935 0.09644670050761421 
0.0364963503649635 0.27007299270072993 0.25547445255474455 0.29927007299270075 0.1386861313868613 
0.14465408805031446 0.44654088050314467 0.24528301886792453 0.09433962264150944 0.06918238993710692 
0.04951958610495196 0.581670362158167 0.21507760532150777 0.11751662971175167 0.03621581670362158 
0.030829093085902426 0.41454654295121224 0.30859024244238253 0.17569589943130798 0.07033822208919485 
0.019628647214854113 0.3549071618037135 0.2901856763925729 0.22546419098143236 0.10981432360742706 
0.021059349074664963 0.34779834077855776 0.25717932354818124 0.29419272495213783 0.0797702616464582 
0.12258064516129032 0.5225806451612903 0.16129032258064516 0.17419354838709677 0.01935483870967742 
0.04064314426083073 0.6212594908441268 0.22286735149620365 0.09066547565877624 0.02456453774006253 
0.026240815714499925 0.563052931473984 0.2706552706552707 0.1081121607437397 0.031938821412505626 
0.011970236169524426 0.472662568747978 0.3134907796829505 0.154318990617923 0.04755742478162407 
0.01590186278964107 0.449341208541572 0.263062244434348 0.20581553839164016 0.06587914584279873 
0.20187793427230047 0.5868544600938967 0.11737089201877934 0.06103286384976526 0.03286384976525822 
0.05062602068590093 0.6418072945019053 0.20631464344039194 0.08111050626020685 0.020141535111594992 
0.029506570790974462 0.5472353087031986 0.28043639970245476 0.11529878502355567 0.027522935779816515 
0.033806957373836356 0.48358647721705045 0.2954434100930916 0.13179813816756492 0.05536501714845664 
0.035852178709321565 0.4517374517374517 0.22559293987865417 0.214561500275786 0.07225592939878654 
0.1365079365079365 0.6253968253968254 0.1746031746031746 0.05396825396825397 0.009523809523809525 
0.05427088249174139 0.6168003775365739 0.21849929211892402 0.09013685700802265 0.020292590844738084 
0.031634870804153586 0.4977058681477904 0.3122434194638976 0.13595749818884328 0.02245834339531514 
0.02471169686985173 0.4255903349807798 0.34980779791323446 0.15540911587040088 0.044481054365733116 
0.04901243599122165 0.39575713240673005 0.246525237746891 0.25237746891002194 0.056327724945135334 
0.07246376811594203 0.5362318840579711 0.21739130434782608 0.10144927536231885 0.07246376811594203 
0.031198686371100164 0.5829228243021346 0.22824302134646962 0.11658456486042693 0.041050903119868636 
0.010081613058089293 0.41814690350456074 0.3154104656745079 0.1531445031204993 0.10321651464234277 
0.011014492753623189 0.38666666666666666 0.2544927536231884 0.21507246376811595 0.1327536231884058 
0.010730710270822688 0.30710270822687785 0.21410321921308126 0.32447623914154317 0.14358712314767502 
</TABLE>
</DEFINITION>
<DEFINITION>
<FOR>pixel11</FOR>
<GIVEN>emotion</GIVEN>
<GIVEN>pixel10</GIVEN>
<TABLE>
0.8926380368098159 0.10122699386503067 0.003067484662576687 0.003067484662576687 
0.028657205240174673 0.9615174672489083 0.00955240174672489 2.729257641921397E-4 
0.0013761467889908258 0.7729357798165137 0.22522935779816514 4.5871559633027525E-4 
8.223684210526315E-4 0.0649671052631579 0.915296052631579 0.018914473684210526 
0.0019083969465648854 0.009541984732824428 0.30343511450381677 0.6851145038167938 
0.4230769230769231 0.5 0.038461538461538464 0.038461538461538464 
0.002403846153846154 0.9879807692307693 0.007211538461538462 0.002403846153846154 
0.004032258064516129 0.6733870967741935 0.3185483870967742 0.004032258064516129 
0.00847457627118644 0.059322033898305086 0.923728813559322 0.00847457627118644 
0.015625 0.015625 0.171875 0.796875 
0.8358778625954199 0.15648854961832062 0.003816793893129771 0.003816793893129771 
0.02459490740740741 0.9684606481481481 0.006655092592592593 2.8935185185185184E-4 
4.329004329004329E-4 0.7891774891774892 0.20995670995670995 4.329004329004329E-4 
6.075334143377885E-4 0.06865127582017011 0.9240583232077765 0.006682867557715674 
0.001597444089456869 0.001597444089456869 0.2763578274760383 0.7204472843450479 
0.8455056179775281 0.14887640449438203 0.0028089887640449437 0.0028089887640449437 
0.016545075560187597 0.978764981761334 0.004559666492965086 1.3027618551328816E-4 
2.5799793601651185E-4 0.794891640866873 0.20459236326109392 2.5799793601651185E-4 
5.319148936170213E-4 0.07287234042553191 0.9228723404255319 0.003723404255319149 
0.0017793594306049821 0.005338078291814947 0.34341637010676157 0.6494661921708185 
0.8067010309278351 0.18814432989690721 0.002577319587628866 0.002577319587628866 
0.01598946576373213 0.9783671933784801 0.00545522949586155 1.8811136192626034E-4 
3.9277297721916735E-4 0.8095051060487038 0.18970934799685782 3.9277297721916735E-4 
7.78816199376947E-4 0.05685358255451713 0.9369158878504673 0.005451713395638629 
0.002512562814070352 0.007537688442211055 0.30402010050251255 0.6859296482412061 
0.8975 0.0975 0.0025 0.0025 
0.026024590163934425 0.967827868852459 0.005942622950819672 2.0491803278688525E-4 
0.0010775862068965517 0.7848419540229885 0.2122844827586207 0.0017959770114942528 
7.15307582260372E-4 0.08082975679542204 0.9163090128755365 0.002145922746781116 
0.0033783783783783786 0.0033783783783783786 0.375 0.6182432432432432 
0.8214285714285714 0.15476190476190477 0.011904761904761904 0.011904761904761904 
0.01699604743083004 0.975098814229249 0.007509881422924901 3.952569169960474E-4 
5.995203836930455E-4 0.7428057553956835 0.2559952038369305 5.995203836930455E-4 
7.132667617689016E-4 0.05064194008559201 0.9350927246790299 0.01355206847360913 
0.001326259946949602 0.003978779840848806 0.25596816976127323 0.7387267904509284 
</TABLE>
</DEFINITION>
<DEFINITION>
<FOR>pixel12</FOR>
<GIVEN>emotion</GIVEN>
<GIVEN>pixel10</GIVEN>
<TABLE>
0.8892307692307693 0.10153846153846154 0.009230769230769232 
0.7952497952497952 0.17936117936117937 0.025389025389025387 
0.6539697108765489 0.3088572739788894 0.03717301514456173 
0.4699588477366255 0.4633744855967078 0.06666666666666667 
0.37667304015296366 0.33460803059273425 0.2887189292543021 
0.52 0.44 0.04 
0.7975903614457831 0.19036144578313252 0.012048192771084338 
0.5141700404858299 0.4493927125506073 0.03643724696356275 
0.48717948717948717 0.5042735042735043 0.008547008547008548 
0.2698412698412698 0.6190476190476191 0.1111111111111111 
0.8237547892720306 0.15708812260536398 0.019157088122605363 
0.7400868306801737 0.2301013024602026 0.029811866859623733 
0.56691208315288 0.38674750974447814 0.04634040710264184 
0.43465045592705165 0.5112462006079027 0.05410334346504559 
0.3344 0.3024 0.3632 
0.8140845070422535 0.18309859154929578 0.0028169014084507044 
0.8113355048859935 0.1676872964169381 0.020977198697068405 
0.6841290322580645 0.28980645161290325 0.026064516129032256 
0.5231506120276743 0.4262905800957956 0.05055880787653007 
0.4117647058823529 0.3404634581105169 0.24777183600713013 
0.8604651162790697 0.12661498708010335 0.012919896640826873 
0.8073377234242709 0.16989651928504235 0.022765757290686736 
0.6589390962671906 0.3155206286836935 0.025540275049115914 
0.5292283710054559 0.426344505066251 0.044427123928293066 
0.47103274559193953 0.28967254408060455 0.23929471032745592 
0.8646616541353384 0.12781954887218044 0.007518796992481203 
0.777823324451732 0.2104939536790326 0.0116827218692355 
0.6665468918433345 0.30147323032698525 0.0319798778296802 
0.5547602004294918 0.42161775232641374 0.023622047244094488 
0.43728813559322033 0.3694915254237288 0.19322033898305085 
0.8313253012048193 0.1566265060240964 0.012048192771084338 
0.741399762752076 0.20838275998418349 0.05021747726374061 
0.5500899820035993 0.39172165566886624 0.05818836232753449 
0.3961456102783726 0.5217701641684511 0.08208422555317631 
0.34926958831341304 0.3094289508632138 0.34130146082337315 
</TABLE>
</DEFINITION>
<DEFINITION>
<FOR>pixel13</FOR>
<GIVEN>emotion</GIVEN>
<GIVEN>pixel10</GIVEN>
<TABLE>
0.9723926380368099 0.015337423312883436 0.003067484662576687 0.009202453987730062 
