<?xml version="1.0"?>
<!-- DTD for the XMLBIF 0.3 format -->
<!DOCTYPE BIF [
	<!ELEMENT BIF ( NETWORK )*>
	      <!ATTLIST BIF VERSION CDATA #REQUIRED>
	<!ELEMENT NETWORK ( NAME, ( PROPERTY | VARIABLE | DEFINITION )* )>
	<!ELEMENT NAME (#PCDATA)>
	<!ELEMENT VARIABLE ( NAME, ( OUTCOME |  PROPERTY )* ) >
	      <!ATTLIST VARIABLE TYPE (nature|decision|utility) "nature">
	<!ELEMENT OUTCOME (#PCDATA)>
	<!ELEMENT DEFINITION ( FOR | GIVEN | TABLE | PROPERTY )* >
	<!ELEMENT FOR (#PCDATA)>
	<!ELEMENT GIVEN (#PCDATA)>
	<!ELEMENT TABLE (#PCDATA)>
	<!ELEMENT PROPERTY (#PCDATA)>
]>


<BIF VERSION="0.3">
<NETWORK>
<NAME>faces-weka.filters.supervised.attribute.Discretize-Rfirst-last-precision6-weka.filters.unsupervised.attribute.ReplaceMissingValues</NAME>
<VARIABLE TYPE="nature">
<NAME>emotion</NAME>
<OUTCOME>angry</OUTCOME>
<OUTCOME>disgust</OUTCOME>
<OUTCOME>fear</OUTCOME>
<OUTCOME>happy</OUTCOME>
<OUTCOME>neutral</OUTCOME>
<OUTCOME>sad</OUTCOME>
<OUTCOME>surprise</OUTCOME>
</VARIABLE>
<VARIABLE TYPE="nature">
<NAME>pixel0</NAME>
<OUTCOME>&apos;\&apos;(-inf-0.448039]\&apos;&apos;</OUTCOME>
<OUTCOME>&apos;\&apos;(0.448039-0.688235]\&apos;&apos;</OUTCOME>
<OUTCOME>&apos;\&apos;(0.688235-0.789216]\&apos;&apos;</OUTCOME>
<OUTCOME>&apos;\&apos;(0.789216-inf)\&apos;&apos;</OUTCOME>
</VARIABLE>
<VARIABLE TYPE="nature">
<NAME>pixel1</NAME>
<OUTCOME>&apos;\&apos;(-inf-0.295588]\&apos;&apos;</OUTCOME>
<OUTCOME>&apos;\&apos;(0.295588-0.52451]\&apos;&apos;</OUTCOME>
<OUTCOME>&apos;\&apos;(0.52451-0.620098]\&apos;&apos;</OUTCOME>
<OUTCOME>&apos;\&apos;(0.620098-0.762745]\&apos;&apos;</OUTCOME>
<OUTCOME>&apos;\&apos;(0.762745-inf)\&apos;&apos;</OUTCOME>
</VARIABLE>
<VARIABLE TYPE="nature">
<NAME>pixel2</NAME>
<OUTCOME>&apos;\&apos;(-inf-0.152451]\&apos;&apos;</OUTCOME>
<OUTCOME>&apos;\&apos;(0.152451-0.40098]\&apos;&apos;</OUTCOME>
<OUTCOME>&apos;\&apos;(0.40098-0.657353]\&apos;&apos;</OUTCOME>
<OUTCOME>&apos;\&apos;(0.657353-0.768627]\&apos;&apos;</OUTCOME>
<OUTCOME>&apos;\&apos;(0.768627-inf)\&apos;&apos;</OUTCOME>
</VARIABLE>
<VARIABLE TYPE="nature">
<NAME>pixel3</NAME>
<OUTCOME>&apos;\&apos;(-inf-0.429412]\&apos;&apos;</OUTCOME>
<OUTCOME>&apos;\&apos;(0.429412-0.648529]\&apos;&apos;</OUTCOME>
<OUTCOME>&apos;\&apos;(0.648529-0.788235]\&apos;&apos;</OUTCOME>
<OUTCOME>&apos;\&apos;(0.788235-inf)\&apos;&apos;</OUTCOME>
</VARIABLE>
<VARIABLE TYPE="nature">
<NAME>pixel4</NAME>
<OUTCOME>&apos;\&apos;(-inf-0.408824]\&apos;&apos;</OUTCOME>
<OUTCOME>&apos;\&apos;(0.408824-0.705392]\&apos;&apos;</OUTCOME>
<OUTCOME>&apos;\&apos;(0.705392-0.794118]\&apos;&apos;</OUTCOME>
<OUTCOME>&apos;\&apos;(0.794118-inf)\&apos;&apos;</OUTCOME>
</VARIABLE>
<VARIABLE TYPE="nature">
<NAME>pixel5</NAME>
<OUTCOME>&apos;\&apos;(-inf-0.493627]\&apos;&apos;</OUTCOME>
<OUTCOME>&apos;\&apos;(0.493627-0.669608]\&apos;&apos;</OUTCOME>
<OUTCOME>&apos;\&apos;(0.669608-inf)\&apos;&apos;</OUTCOME>
</VARIABLE>
<VARIABLE TYPE="nature">
<NAME>pixel6</NAME>
<OUTCOME>&apos;\&apos;(-inf-0.080392]\&apos;&apos;</OUTCOME>
<OUTCOME>&apos;\&apos;(0.080392-0.542647]\&apos;&apos;</OUTCOME>
<OUTCOME>&apos;\&apos;(0.542647-0.663235]\&apos;&apos;</OUTCOME>
<OUTCOME>&apos;\&apos;(0.663235-inf)\&apos;&apos;</OUTCOME>
</VARIABLE>
<VARIABLE TYPE="nature">
<NAME>pixel7</NAME>
<OUTCOME>&apos;\&apos;(-inf-0.50098]\&apos;&apos;</OUTCOME>
<OUTCOME>&apos;\&apos;(0.50098-inf)\&apos;&apos;</OUTCOME>
</VARIABLE>
<VARIABLE TYPE="nature">
<NAME>pixel8</NAME>
<OUTCOME>&apos;\&apos;(-inf-0.181373]\&apos;&apos;</OUTCOME>
<OUTCOME>&apos;\&apos;(0.181373-0.565196]\&apos;&apos;</OUTCOME>
<OUTCOME>&apos;\&apos;(0.565196-inf)\&apos;&apos;</OUTCOME>
</VARIABLE>
<VARIABLE TYPE="nature">
<NAME>pixel9</NAME>
<OUTCOME>&apos;\&apos;(-inf-0.093137]\&apos;&apos;</OUTCOME>
<OUTCOME>&apos;\&apos;(0.093137-0.593137]\&apos;&apos;</OUTCOME>
<OUTCOME>&apos;\&apos;(0.593137-inf)\&apos;&apos;</OUTCOME>
</VARIABLE>
<VARIABLE TYPE="nature">
<NAME>pixel10</NAME>
<OUTCOME>&apos;\&apos;(-inf-0.020098]\&apos;&apos;</OUTCOME>
<OUTCOME>&apos;\&apos;(0.020098-0.435294]\&apos;&apos;</OUTCOME>
<OUTCOME>&apos;\&apos;(0.435294-0.735294]\&apos;&apos;</OUTCOME>
<OUTCOME>&apos;\&apos;(0.735294-0.972059]\&apos;&apos;</OUTCOME>
<OUTCOME>&apos;\&apos;(0.972059-inf)\&apos;&apos;</OUTCOME>
</VARIABLE>
<VARIABLE TYPE="nature">
<NAME>pixel11</NAME>
<OUTCOME>&apos;\&apos;(-inf-0.026961]\&apos;&apos;</OUTCOME>
<OUTCOME>&apos;\&apos;(0.026961-0.676471]\&apos;&apos;</OUTCOME>
<OUTCOME>&apos;\&apos;(0.676471-0.991667]\&apos;&apos;</OUTCOME>
<OUTCOME>&apos;\&apos;(0.991667-inf)\&apos;&apos;</OUTCOME>
</VARIABLE>
<VARIABLE TYPE="nature">
<NAME>pixel12</NAME>
<OUTCOME>&apos;\&apos;(-inf-0.603922]\&apos;&apos;</OUTCOME>
<OUTCOME>&apos;\&apos;(0.603922-0.976471]\&apos;&apos;</OUTCOME>
<OUTCOME>&apos;\&apos;(0.976471-inf)\&apos;&apos;</OUTCOME>
</VARIABLE>
<VARIABLE TYPE="nature">
<NAME>pixel13</NAME>
<OUTCOME>&apos;\&apos;(-inf-0.493137]\&apos;&apos;</OUTCOME>
<OUTCOME>&apos;\&apos;(0.493137-0.675]\&apos;&apos;</OUTCOME>
<OUTCOME>&apos;\&apos;(0.675-0.957353]\&apos;&apos;</OUTCOME>
<OUTCOME>&apos;\&apos;(0.957353-inf)\&apos;&apos;</OUTCOME>
</VARIABLE>
<VARIABLE TYPE="nature">
<NAME>pixel14</NAME>
<OUTCOME>&apos;\&apos;(-inf-0.585294]\&apos;&apos;</OUTCOME>
<OUTCOME>&apos;\&apos;(0.585294-0.985784]\&apos;&apos;</OUTCOME>
<OUTCOME>&apos;\&apos;(0.985784-inf)\&apos;&apos;</OUTCOME>
</VARIABLE>
<VARIABLE TYPE="nature">
<NAME>pixel15</NAME>
<OUTCOME>&apos;\&apos;(-inf-0.016176]\&apos;&apos;</OUTCOME>
<OUTCOME>&apos;\&apos;(0.016176-0.180392]\&apos;&apos;</OUTCOME>
<OUTCOME>&apos;\&apos;(0.180392-0.389216]\&apos;&apos;</OUTCOME>
<OUTCOME>&apos;\&apos;(0.389216-0.587255]\&apos;&apos;</OUTCOME>
<OUTCOME>&apos;\&apos;(0.587255-inf)\&apos;&apos;</OUTCOME>
</VARIABLE>
<VARIABLE TYPE="nature">
<NAME>pixel16</NAME>
<OUTCOME>&apos;\&apos;(-inf-0.161275]\&apos;&apos;</OUTCOME>
<OUTCOME>&apos;\&apos;(0.161275-0.362745]\&apos;&apos;</OUTCOME>
<OUTCOME>&apos;\&apos;(0.362745-0.498039]\&apos;&apos;</OUTCOME>
<OUTCOME>&apos;\&apos;(0.498039-0.606863]\&apos;&apos;</OUTCOME>
<OUTCOME>&apos;\&apos;(0.606863-inf)\&apos;&apos;</OUTCOME>
</VARIABLE>
<VARIABLE TYPE="nature">
<NAME>pixel17</NAME>
<OUTCOME>&apos;\&apos;(-inf-0.194608]\&apos;&apos;</OUTCOME>
<OUTCOME>&apos;\&apos;(0.194608-0.288725]\&apos;&apos;</OUTCOME>
<OUTCOME>&apos;\&apos;(0.288725-0.491667]\&apos;&apos;</OUTCOME>
<OUTCOME>&apos;\&apos;(0.491667-inf)\&apos;&apos;</OUTCOME>
</VARIABLE>
<VARIABLE TYPE="nature">
<NAME>pixel18</NAME>
<OUTCOME>&apos;\&apos;(-inf-0.151961]\&apos;&apos;</OUTCOME>
<OUTCOME>&apos;\&apos;(0.151961-0.334804]\&apos;&apos;</OUTCOME>
<OUTCOME>&apos;\&apos;(0.334804-0.541667]\&apos;&apos;</OUTCOME>
<OUTCOME>&apos;\&apos;(0.541667-inf)\&apos;&apos;</OUTCOME>
</VARIABLE>
<VARIABLE TYPE="nature">
<NAME>pixel19</NAME>
<OUTCOME>&apos;\&apos;(-inf-0.207843]\&apos;&apos;</OUTCOME>
<OUTCOME>&apos;\&apos;(0.207843-0.405392]\&apos;&apos;</OUTCOME>
<OUTCOME>&apos;\&apos;(0.405392-0.571078]\&apos;&apos;</OUTCOME>
<OUTCOME>&apos;\&apos;(0.571078-inf)\&apos;&apos;</OUTCOME>
</VARIABLE>
<VARIABLE TYPE="nature">
<NAME>pixel20</NAME>
<OUTCOME>&apos;\&apos;(-inf-0.090686]\&apos;&apos;</OUTCOME>
<OUTCOME>&apos;\&apos;(0.090686-0.337255]\&apos;&apos;</OUTCOME>
<OUTCOME>&apos;\&apos;(0.337255-inf)\&apos;&apos;</OUTCOME>
</VARIABLE>
<VARIABLE TYPE="nature">
<NAME>pixel21</NAME>
<OUTCOME>&apos;\&apos;(-inf-0.156373]\&apos;&apos;</OUTCOME>
<OUTCOME>&apos;\&apos;(0.156373-0.503431]\&apos;&apos;</OUTCOME>
<OUTCOME>&apos;\&apos;(0.503431-0.991667]\&apos;&apos;</OUTCOME>
<OUTCOME>&apos;\&apos;(0.991667-inf)\&apos;&apos;</OUTCOME>
</VARIABLE>
<VARIABLE TYPE="nature">
<NAME>pixel22</NAME>
<OUTCOME>&apos;\&apos;(-inf-0.355882]\&apos;&apos;</OUTCOME>
<OUTCOME>&apos;\&apos;(0.355882-0.978431]\&apos;&apos;</OUTCOME>
<OUTCOME>&apos;\&apos;(0.978431-inf)\&apos;&apos;</OUTCOME>
</VARIABLE>
<VARIABLE TYPE="nature">
<NAME>pixel23</NAME>
<OUTCOME>&apos;\&apos;(-inf-0.058333]\&apos;&apos;</OUTCOME>
<OUTCOME>&apos;\&apos;(0.058333-0.289706]\&apos;&apos;</OUTCOME>
<OUTCOME>&apos;\&apos;(0.289706-0.634314]\&apos;&apos;</OUTCOME>
<OUTCOME>&apos;\&apos;(0.634314-0.967157]\&apos;&apos;</OUTCOME>
<OUTCOME>&apos;\&apos;(0.967157-inf)\&apos;&apos;</OUTCOME>
</VARIABLE>
<VARIABLE TYPE="nature">
<NAME>pixel24</NAME>
<OUTCOME>&apos;\&apos;(-inf-0.159314]\&apos;&apos;</OUTCOME>
<OUTCOME>&apos;\&apos;(0.159314-0.546569]\&apos;&apos;</OUTCOME>
<OUTCOME>&apos;\&apos;(0.546569-0.960784]\&apos;&apos;</OUTCOME>
<OUTCOME>&apos;\&apos;(0.960784-inf)\&apos;&apos;</OUTCOME>
</VARIABLE>
<VARIABLE TYPE="nature">
<NAME>pixel25</NAME>
<OUTCOME>&apos;\&apos;(-inf-0.328431]\&apos;&apos;</OUTCOME>
<OUTCOME>&apos;\&apos;(0.328431-0.627451]\&apos;&apos;</OUTCOME>
<OUTCOME>&apos;\&apos;(0.627451-0.758824]\&apos;&apos;</OUTCOME>
<OUTCOME>&apos;\&apos;(0.758824-inf)\&apos;&apos;</OUTCOME>
</VARIABLE>
<VARIABLE TYPE="nature">
<NAME>pixel26</NAME>
<OUTCOME>&apos;\&apos;(-inf-0.419608]\&apos;&apos;</OUTCOME>
<OUTCOME>&apos;\&apos;(0.419608-0.614706]\&apos;&apos;</OUTCOME>
<OUTCOME>&apos;\&apos;(0.614706-0.761765]\&apos;&apos;</OUTCOME>
<OUTCOME>&apos;\&apos;(0.761765-inf)\&apos;&apos;</OUTCOME>
</VARIABLE>
<VARIABLE TYPE="nature">
<NAME>pixel27</NAME>
<OUTCOME>&apos;\&apos;(-inf-0.465686]\&apos;&apos;</OUTCOME>
<OUTCOME>&apos;\&apos;(0.465686-0.639216]\&apos;&apos;</OUTCOME>
<OUTCOME>&apos;\&apos;(0.639216-0.772059]\&apos;&apos;</OUTCOME>
<OUTCOME>&apos;\&apos;(0.772059-inf)\&apos;&apos;</OUTCOME>
</VARIABLE>
<VARIABLE TYPE="nature">
<NAME>pixel28</NAME>
<OUTCOME>&apos;\&apos;(-inf-0.466667]\&apos;&apos;</OUTCOME>
<OUTCOME>&apos;\&apos;(0.466667-0.684804]\&apos;&apos;</OUTCOME>
<OUTCOME>&apos;\&apos;(0.684804-0.77598]\&apos;&apos;</OUTCOME>
<OUTCOME>&apos;\&apos;(0.77598-inf)\&apos;&apos;</OUTCOME>
</VARIABLE>
<VARIABLE TYPE="nature">
<NAME>pixel29</NAME>
<OUTCOME>&apos;\&apos;(-inf-0.477451]\&apos;&apos;</OUTCOME>
<OUTCOME>&apos;\&apos;(0.477451-0.644608]\&apos;&apos;</OUTCOME>
<OUTCOME>&apos;\&apos;(0.644608-0.768137]\&apos;&apos;</OUTCOME>
<OUTCOME>&apos;\&apos;(0.768137-inf)\&apos;&apos;</OUTCOME>
</VARIABLE>
<VARIABLE TYPE="nature">
<NAME>pixel30</NAME>
<OUTCOME>&apos;\&apos;(-inf-0.22402]\&apos;&apos;</OUTCOME>
<OUTCOME>&apos;\&apos;(0.22402-0.405882]\&apos;&apos;</OUTCOME>
<OUTCOME>&apos;\&apos;(0.405882-0.676961]\&apos;&apos;</OUTCOME>
<OUTCOME>&apos;\&apos;(0.676961-0.822059]\&apos;&apos;</OUTCOME>
<OUTCOME>&apos;\&apos;(0.822059-inf)\&apos;&apos;</OUTCOME>
</VARIABLE>
<VARIABLE TYPE="nature">
<NAME>pixel31</NAME>
<OUTCOME>&apos;\&apos;(-inf-0.279412]\&apos;&apos;</OUTCOME>
<OUTCOME>&apos;\&apos;(0.279412-0.480882]\&apos;&apos;</OUTCOME>
<OUTCOME>&apos;\&apos;(0.480882-0.648039]\&apos;&apos;</OUTCOME>
<OUTCOME>&apos;\&apos;(0.648039-0.745098]\&apos;&apos;</OUTCOME>
<OUTCOME>&apos;\&apos;(0.745098-inf)\&apos;&apos;</OUTCOME>
</VARIABLE>
<VARIABLE TYPE="nature">
<NAME>pixel32</NAME>
<OUTCOME>&apos;\&apos;(-inf-0.448039]\&apos;&apos;</OUTCOME>
<OUTCOME>&apos;\&apos;(0.448039-0.688235]\&apos;&apos;</OUTCOME>
<OUTCOME>&apos;\&apos;(0.688235-0.789216]\&apos;&apos;</OUTCOME>
<OUTCOME>&apos;\&apos;(0.789216-inf)\&apos;&apos;</OUTCOME>
</VARIABLE>
<VARIABLE TYPE="nature">
<NAME>pixel33</NAME>
<OUTCOME>&apos;\&apos;(-inf-0.428922]\&apos;&apos;</OUTCOME>
<OUTCOME>&apos;\&apos;(0.428922-0.598039]\&apos;&apos;</OUTCOME>
<OUTCOME>&apos;\&apos;(0.598039-0.75]\&apos;&apos;</OUTCOME>
<OUTCOME>&apos;\&apos;(0.75-inf)\&apos;&apos;</OUTCOME>
</VARIABLE>
<VARIABLE TYPE="nature">
<NAME>pixel34</NAME>
<OUTCOME>&apos;\&apos;(-inf-0.477451]\&apos;&apos;</OUTCOME>
<OUTCOME>&apos;\&apos;(0.477451-0.644608]\&apos;&apos;</OUTCOME>
<OUTCOME>&apos;\&apos;(0.644608-0.768137]\&apos;&apos;</OUTCOME>
<OUTCOME>&apos;\&apos;(0.768137-inf)\&apos;&apos;</OUTCOME>
</VARIABLE>
<DEFINITION>
<FOR>emotion</FOR>
<TABLE>
0.13740923259094154 0.014853640273738833 0.14420046319675414 0.24955160464589826 0.17261915127030839 0.16958921761540738 0.11177669040695143 
</TABLE>
</DEFINITION>
<DEFINITION>
<FOR>pixel0</FOR>
<GIVEN>emotion</GIVEN>
<TABLE>
0.29579427413225234 0.42171269318469723 0.17367620977957943 0.10881682290347099 
0.2161214953271028 0.4871495327102804 0.16238317757009346 0.13434579439252337 
0.19157411878319652 0.415620473201352 0.21450989859971029 0.17829550941574118 
0.23168689828380076 0.45297893121250177 0.18243337519185154 0.13290079531184595 
0.22478822105687776 0.38594191206131506 0.18767648245260185 0.20159338442920532 
0.2832067337302402 0.41172243892424554 0.17049887086840484 0.13457195647710943 
0.08797882279663656 0.324976642790408 0.25615073185923387 0.3308938025537216 
</TABLE>
</DEFINITION>
<DEFINITION>
<FOR>pixel1</FOR>
<GIVEN>emotion</GIVEN>
<GIVEN>pixel0</GIVEN>
<TABLE>
0.23728088926891835 0.430525865754596 0.14493373236425822 0.12612227447627192 0.061137238135955535 
0.08070807080708071 0.2901290129012901 0.2565256525652565 0.2901290129012901 0.08250825082508251 
0.05309090909090909 0.19127272727272726 0.16945454545454544 0.3658181818181818 0.22036363636363637 
0.05909617612977984 0.11471610660486674 0.10312862108922363 0.24913093858632676 0.473928157589803 
0.13227513227513227 0.5132275132275133 0.13227513227513227 0.164021164021164 0.0582010582010582 
0.030878859857482184 0.23990498812351543 0.27315914489311166 0.33016627078384797 0.12589073634204276 
0.04895104895104895 0.16083916083916083 0.11888111888111888 0.3706293706293706 0.3006993006993007 
0.025210084033613446 0.07563025210084033 0.14285714285714285 0.17647058823529413 0.5798319327731093 
0.17661847894406035 0.37774984286612195 0.17410433689503457 0.16027655562539284 0.11125078566939033 
0.0670147954743255 0.240498984624311 0.240498984624311 0.3130258195532347 0.13896141572381782 
0.03425042111173498 0.10724312184166199 0.14093206064008984 0.42167321729365526 0.29590117911285796 
0.041188386225523295 0.09115462525320729 0.07089804186360567 0.28966914247130315 0.5070898041863605 
0.20962406015037593 0.4959398496240601 0.13022556390977444 0.11218045112781955 0.052030075187969926 
0.04540557180237032 0.30983530860397107 0.24519008773279977 0.3042942896721564 0.09527474218870248 
0.019473081328751432 0.13402061855670103 0.14012982054219167 0.46926307751050017 0.23711340206185566 
0.018334206390780514 0.1000523834468308 0.07805133577789418 0.28758512310110007 0.5159769512833945 
0.23063143752798926 0.432154052843708 0.11957008508732647 0.1330049261083744 0.08463949843260188 
0.058731401722787784 0.27695118767945703 0.23936309057687288 0.30566431741059774 0.11929000261028452 
0.02520107238605898 0.14316353887399463 0.09919571045576407 0.44235924932975873 0.2900804289544236 
0.03544682975536695 0.07239141288067898 0.06640039940089865 0.2710933599600599 0.5546679980029955 
0.2211364458921462 0.43467245747376043 0.1328266377126312 0.13716974303293522 0.07419471588852697 
0.08692403486924034 0.3165628891656289 0.2323785803237858 0.26425902864259027 0.09987546699875467 
0.05225225225225225 0.18078078078078078 0.16756756756756758 0.3621621621621622 0.23723723723723725 
0.05399239543726236 0.1391634980988593 0.0844106463878327 0.26387832699619773 0.4585551330798479 
0.14586994727592267 0.28646748681898065 0.15289982425307558 0.24428822495606328 0.1704745166959578 
0.031085604973696796 0.18507890961262555 0.20899091343854614 0.3648971783835485 0.209947393591583 
0.01758641600970285 0.10733778047301394 0.12916919345057612 0.41297756215888415 0.3329290479078229 
0.013621418506341005 0.09816815406294034 0.07280413339596055 0.24753405354626584 0.5678722404884923 
</TABLE>
</DEFINITION>
<DEFINITION>
<FOR>pixel2</FOR>
<GIVEN>emotion</GIVEN>
<GIVEN>pixel0</GIVEN>
<TABLE>
0.12270200940572894 0.5604959384352287 0.28858486532706284 0.020094057289439932 0.008123129542539546 
0.0051005100510051 0.0927092709270927 0.6927692769276927 0.17371737173717372 0.035703570357035704 
0.002181818181818182 0.01818181818181818 0.3396363636363636 0.4152727272727273 0.22472727272727272 
0.0011587485515643105 0.008111239860950173 0.0984936268829664 0.26998841251448435 0.6222479721900348 
0.047619047619047616 0.5873015873015873 0.3439153439153439 0.015873015873015872 0.005291005291005291 
0.0023752969121140144 0.09738717339667459 0.6199524940617577 0.23040380047505937 0.0498812351543943 
0.006993006993006993 0.02097902097902098 0.24475524475524477 0.42657342657342656 0.3006993006993007 
0.008403361344537815 0.008403361344537815 0.09243697478991597 0.29411764705882354 0.5966386554621849 
0.09239472030169704 0.5700817096165933 0.30106851037083593 0.0295411690760528 0.0069138906348208675 
0.0020307513780098638 0.11575282854656223 0.6692776327241079 0.16042935886277923 0.05250942848854076 
0.0016844469399213925 0.021897810218978103 0.25210555867490175 0.5272318921953958 0.19708029197080293 
6.752194463200541E-4 0.004726536124240378 0.07089804186360567 0.23295070898041864 0.6907494935854153 
0.04360902255639098 0.5476691729323309 0.3798496240601504 0.021954887218045113 0.0069172932330827065 
0.0010774203478528552 0.060797291057411114 0.7127905187009389 0.19224257349545945 0.033092196398337693 
3.8182512409316535E-4 0.0057273768613974796 0.25162275677739593 0.5158457426498664 0.22642229858724705 
5.238344683080147E-4 0.003666841278156103 0.060240963855421686 0.21843897328444212 0.7171293871136721 
0.08732646663681147 0.619346171070309 0.27630989699955216 0.011195700850873265 0.005821764442454098 
0.0028713129731140694 0.10676063690942313 0.711824588880188 0.16053249804228661 0.018010963194988253 
0.0016085790884718498 0.014477211796246649 0.29115281501340484 0.503485254691689 0.18927613941018767 
0.0014977533699450823 0.008487269096355467 0.07239141288067898 0.23015476784822766 0.6874687968047928 
0.10749185667752444 0.564965617082881 0.3043792978646399 0.017010495837857402 0.006152732537097358 
0.0037359900373599006 0.12727272727272726 0.6826899128268992 0.1576587795765878 0.028642590286425903 
6.006006006006006E-4 0.022222222222222223 0.2840840840840841 0.49309309309309307 0.2 
7.604562737642585E-4 0.006844106463878327 0.06463878326996197 0.24258555133079848 0.685171102661597 
0.08611599297012303 0.6098418277680141 0.28998242530755713 0.012302284710017574 0.0017574692442882249 
0.008130081300813009 0.10760401721664276 0.6633189861310378 0.18029650884744142 0.04065040650406504 
6.064281382656155E-4 0.01879927228623408 0.26379624014554276 0.5451788963007883 0.1716191631291692 
4.697040864255519E-4 0.0023485204321277596 0.04462188821042743 0.20713950211366838 0.7454203851573509 
</TABLE>
</DEFINITION>
<DEFINITION>
<FOR>pixel3</FOR>
<GIVEN>emotion</GIVEN>
<GIVEN>pixel0</GIVEN>
<GIVEN>pixel2</GIVEN>
<TABLE>
0.9206896551724137 0.06551724137931035 0.010344827586206896 0.0034482758620689655 
0.8531202435312024 0.13318112633181126 0.01141552511415525 0.00228310502283105 
0.6769911504424779 0.27876106194690264 0.028023598820058997 0.016224188790560472 
0.46 0.34 0.18 0.02 
0.5909090909090909 0.3181818181818182 0.045454545454545456 0.045454545454545456 
0.45 0.45 0.05 0.05 
0.41346153846153844 0.49038461538461536 0.07371794871794872 0.022435897435897436 
0.12326989619377163 0.7469723183391004 0.12067474048442907 0.009083044982698962 
0.05670103092783505 0.47594501718213056 0.4518900343642612 0.015463917525773196 
0.10655737704918032 0.3524590163934426 0.4672131147540984 0.07377049180327869 
0.16666666666666666 0.5 0.16666666666666666 0.16666666666666666 
0.10714285714285714 0.25 0.5357142857142857 0.10714285714285714 
0.04042553191489362 0.274468085106383 0.6319148936170212 0.05319148936170213 
0.02264808362369338 0.13066202090592335 0.740418118466899 0.10627177700348432 
0.028846153846153848 0.09935897435897435 0.6121794871794872 0.25961538461538464 
0.25 0.25 0.25 0.25 
0.1 0.5 0.1 0.3 
0.011363636363636364 0.23863636363636365 0.3977272727272727 0.3522727272727273 
0.012711864406779662 0.05508474576271186 0.3855932203389831 0.5466101694915254 
0.012962962962962963 0.024074074074074074 0.20185185185185187 0.7611111111111111 
0.75 0.08333333333333333 0.08333333333333333 0.08333333333333333 
0.8859649122807017 0.09649122807017543 0.008771929824561403 0.008771929824561403 
0.7205882352941176 0.25 0.014705882352941176 0.014705882352941176 
0.5 0.16666666666666666 0.16666666666666666 0.16666666666666666 
0.25 0.25 0.25 0.25 
0.25 0.25 0.25 0.25 
0.38636363636363635 0.5681818181818182 0.022727272727272728 0.022727272727272728 
0.04924242424242424 0.7537878787878788 0.19318181818181818 0.003787878787878788 
0.03 0.49 0.47 0.01 
0.041666666666666664 0.20833333333333334 0.4583333333333333 0.2916666666666667 
0.25 0.25 0.25 0.25 
0.16666666666666666 0.5 0.16666666666666666 0.16666666666666666 
0.07894736842105263 0.18421052631578946 0.7105263157894737 0.02631578947368421 
0.046875 0.078125 0.671875 0.203125 
0.06521739130434782 0.10869565217391304 0.45652173913043476 0.3695652173913043 
0.25 0.25 0.25 0.25 
0.25 0.25 0.25 0.25 
0.07142857142857142 0.07142857142857142 0.21428571428571427 0.6428571428571429 
0.07894736842105263 0.02631578947368421 0.4473684210526316 0.4473684210526316 
0.04054054054054054 0.013513513513513514 0.17567567567567569 0.7702702702702703 
0.7933333333333333 0.15333333333333332 0.04666666666666667 0.006666666666666667 
0.8406593406593407 0.13076923076923078 0.023076923076923078 0.005494505494505495 
0.7157676348547718 0.25933609958506226 0.01867219917012448 0.006224066390041493 
0.42 0.46 0.1 0.02 
0.6428571428571429 0.07142857142857142 0.07142857142857142 0.21428571428571427 
0.7 0.1 0.1 0.1 
0.2562189054726368 0.6243781094527363 0.11194029850746269 0.007462686567164179 
0.11038961038961038 0.7415584415584415 0.14415584415584415 0.003896103896103896 
0.10611510791366907 0.4982014388489209 0.36510791366906475 0.030575539568345324 
0.07065217391304347 0.375 0.3641304347826087 0.19021739130434784 
0.16666666666666666 0.5 0.16666666666666666 0.16666666666666666 
0.11904761904761904 0.4523809523809524 0.40476190476190477 0.023809523809523808 
0.015486725663716814 0.31194690265486724 0.6172566371681416 0.05530973451327434 
0.0074309978768577496 0.14968152866242038 0.7569002123142251 0.08598726114649681 
0.025423728813559324 0.11016949152542373 0.556497175141243 0.307909604519774 
0.25 0.25 0.25 0.25 
0.1 0.3 0.1 0.5 
0.027777777777777776 0.1388888888888889 0.3055555555555556 0.5277777777777778 
0.014367816091954023 0.04885057471264368 0.5431034482758621 0.3936781609195402 
0.004873294346978557 0.024366471734892786 0.19980506822612085 0.7709551656920078 
0.9391891891891891 0.0472972972972973 0.006756756756756757 0.006756756756756757 
0.8766447368421053 0.10910087719298246 0.010416666666666666 0.003837719298245614 
0.6184834123222749 0.3578199052132701 0.02132701421800948 0.002369668246445498 
0.5131578947368421 0.3815789473684211 0.06578947368421052 0.039473684210526314 
0.5 0.34615384615384615 0.11538461538461539 0.038461538461538464 
0.1 0.5 0.3 0.1 
0.38944723618090454 0.5251256281407035 0.0728643216080402 0.01256281407035176 
0.14738886491152353 0.73651273198101 0.11242986620630126 0.0036685369011653 
0.07587859424920128 0.5263578274760383 0.3777955271565495 0.019968051118210862 
0.0871559633027523 0.38990825688073394 0.43577981651376146 0.0871559633027523 
0.25 0.25 0.25 0.25 
0.16666666666666666 0.3888888888888889 0.3888888888888889 0.05555555555555555 
0.04078549848942598 0.41842900302114805 0.4879154078549849 0.052870090634441085 
0.019940915805022157 0.18537666174298376 0.7274741506646972 0.0672082717872969 
0.02181208053691275 0.1493288590604027 0.6124161073825504 0.21644295302013422 
0.25 0.25 0.25 0.25 
0.1 0.1 0.5 0.3 
0.00847457627118644 0.1440677966101695 0.5169491525423728 0.3305084745762712 
0.011904761904761904 0.0880952380952381 0.5833333333333334 0.31666666666666665 
0.01239067055393586 0.04154518950437318 0.27332361516034986 0.672740524781341 
0.9040404040404041 0.06565656565656566 0.025252525252525252 0.005050505050505051 
0.9025974025974026 0.09163059163059163 0.005050505050505051 7.215007215007215E-4 
0.6080645161290322 0.36935483870967745 0.017741935483870968 0.004838709677419355 
0.5357142857142857 0.25 0.17857142857142858 0.03571428571428571 
0.4375 0.4375 0.0625 0.0625 
0.6428571428571429 0.21428571428571427 0.07142857142857142 0.07142857142857142 
0.3179611650485437 0.5655339805825242 0.10436893203883495 0.012135922330097087 
0.08681318681318681 0.7564102564102564 0.15274725274725276 0.00402930402930403 
0.05016181229773463 0.558252427184466 0.38673139158576053 0.0048543689320388345 
0.041666666666666664 0.3472222222222222 0.5138888888888888 0.09722222222222222 
0.16666666666666666 0.16666666666666666 0.16666666666666666 0.5 
0.1 0.16666666666666666 0.6333333333333333 0.1 
0.01282051282051282 0.19230769230769232 0.7197802197802198 0.07509157509157509 
0.01167728237791932 0.10084925690021232 0.8205944798301487 0.06687898089171974 
0.019662921348314606 0.09269662921348315 0.7219101123595506 0.16573033707865167 
0.16666666666666666 0.16666666666666666 0.5 0.16666666666666666 
0.05 0.25 0.35 0.35 
0.033783783783783786 0.0472972972972973 0.38513513513513514 0.5337837837837838 
0.00646551724137931 0.032327586206896554 0.3081896551724138 0.6530172413793104 
7.246376811594203E-4 0.01956521739130435 0.16304347826086957 0.8166666666666667 
0.9433333333333334 0.03666666666666667 0.01 0.01 
0.8753196930946292 0.1170076726342711 0.00319693094629156 0.004475703324808184 
0.669431279620853 0.31398104265402843 0.01066350710900474 0.005924170616113744 
0.38 0.54 0.06 0.02 
0.35 0.45 0.15 0.05 
0.3888888888888889 0.2777777777777778 0.2777777777777778 0.05555555555555555 
0.32490272373540857 0.5622568093385214 0.08365758754863813 0.029182879377431907 
0.11115160349854228 0.7496355685131195 0.12572886297376093 0.01348396501457726 
0.08647798742138364 0.5487421383647799 0.3474842767295597 0.01729559748427673 
0.1440677966101695 0.4830508474576271 0.3474576271186441 0.025423728813559324 
0.25 0.25 0.25 0.25 
0.175 0.275 0.475 0.075 
0.014705882352941176 0.296218487394958 0.6071428571428571 0.0819327731092437 
0.015776699029126214 0.12742718446601942 0.758495145631068 0.0983009708737864 
0.008928571428571428 0.14583333333333334 0.6696428571428571 0.17559523809523808 
0.25 0.25 0.25 0.25 
0.08333333333333333 0.08333333333333333 0.25 0.5833333333333334 
0.011363636363636364 0.125 0.2840909090909091 0.5795454545454546 
0.009316770186335404 0.08385093167701864 0.40683229813664595 0.5 
0.00331858407079646 0.032079646017699116 0.20464601769911506 0.7599557522123894 
0.8269230769230769 0.1346153846153846 0.019230769230769232 0.019230769230769232 
0.8542857142857143 0.12857142857142856 0.008571428571428572 0.008571428571428572 
0.5654761904761905 0.375 0.041666666666666664 0.017857142857142856 
0.3 0.5 0.1 0.1 
0.25 0.25 0.25 0.25 
0.75 0.15 0.05 0.05 
0.27631578947368424 0.6008771929824561 0.10087719298245613 0.021929824561403508 
0.05971223021582734 0.7705035971223022 0.16330935251798562 0.006474820143884892 
0.013157894736842105 0.46578947368421053 0.4763157894736842 0.04473684210526316 
0.14772727272727273 0.4431818181818182 0.32954545454545453 0.07954545454545454 
0.25 0.25 0.25 0.25 
0.08823529411764706 0.14705882352941177 0.5 0.2647058823529412 
0.01141552511415525 0.2808219178082192 0.678082191780822 0.02968036529680365 
0.007760532150776054 0.07427937915742794 0.8458980044345898 0.07206208425720621 
0.0034965034965034965 0.10839160839160839 0.7797202797202797 0.10839160839160839 
0.25 0.25 0.25 0.25 
0.375 0.125 0.125 0.375 
0.01020408163265306 0.11224489795918367 0.47959183673469385 0.3979591836734694 
0.0022522522522522522 0.060810810810810814 0.41216216216216217 0.5247747747747747 
0.005660377358490566 0.013207547169811321 0.17169811320754716 0.809433962264151 
</TABLE>
</DEFINITION>
<DEFINITION>
<FOR>pixel4</FOR>
<GIVEN>emotion</GIVEN>
<GIVEN>pixel0</GIVEN>
<GIVEN>pixel2</GIVEN>
<TABLE>
0.7896551724137931 0.1896551724137931 0.0034482758620689655 0.017241379310344827 
0.682648401826484 0.3051750380517504 0.00684931506849315 0.00532724505327245 
0.4144542772861357 0.5442477876106194 0.030973451327433628 0.01032448377581121 
0.22 0.7 0.06 0.02 
0.4090909090909091 0.5 0.045454545454545456 0.045454545454545456 
0.05 0.55 0.35 0.05 
0.0673076923076923 0.7788461538461539 0.125 0.028846153846153848 
0.03503460207612457 0.8455882352941176 0.0921280276816609 0.027249134948096887 
0.018900343642611683 0.7027491408934707 0.211340206185567 0.06701030927835051 
0.05737704918032787 0.4672131147540984 0.30327868852459017 0.1721311475409836 
0.16666666666666666 0.16666666666666666 0.5 0.16666666666666666 
0.03571428571428571 0.4642857142857143 0.32142857142857145 0.17857142857142858 
0.010638297872340425 0.30851063829787234 0.4787234042553192 0.20212765957446807 
0.008710801393728223 0.259581881533101 0.5871080139372822 0.1445993031358885 
0.016025641025641024 0.21474358974358973 0.41346153846153844 0.3557692307692308 
0.25 0.25 0.25 0.25 
0.1 0.1 0.1 0.7 
0.011363636363636364 0.03409090909090909 0.26136363636363635 0.6931818181818182 
0.012711864406779662 0.08050847457627118 0.19915254237288135 0.7076271186440678 
0.016666666666666666 0.03518518518518519 0.13518518518518519 0.812962962962963 
0.75 0.08333333333333333 0.08333333333333333 0.08333333333333333 
0.6929824561403509 0.2894736842105263 0.008771929824561403 0.008771929824561403 
0.3382352941176471 0.6029411764705882 0.04411764705882353 0.014705882352941176 
0.5 0.16666666666666666 0.16666666666666666 0.16666666666666666 
0.25 0.25 0.25 0.25 
0.25 0.25 0.25 0.25 
0.11363636363636363 0.7045454545454546 0.06818181818181818 0.11363636363636363 
0.04924242424242424 0.7765151515151515 0.14015151515151514 0.03409090909090909 
0.01 0.75 0.19 0.05 
0.041666666666666664 0.2916666666666667 0.4583333333333333 0.20833333333333334 
0.25 0.25 0.25 0.25 
0.16666666666666666 0.16666666666666666 0.5 0.16666666666666666 
0.02631578947368421 0.13157894736842105 0.4473684210526316 0.39473684210526316 
0.015625 0.328125 0.453125 0.203125 
0.021739130434782608 0.2826086956521739 0.32608695652173914 0.3695652173913043 
0.25 0.25 0.25 0.25 
0.25 0.25 0.25 0.25 
0.07142857142857142 0.21428571428571427 0.07142857142857142 0.6428571428571429 
0.02631578947368421 0.07894736842105263 0.13157894736842105 0.7631578947368421 
0.013513513513513514 0.04054054054054054 0.12162162162162163 0.8243243243243243 
0.7533333333333333 0.23333333333333334 0.006666666666666667 0.006666666666666667 
0.6296703296703297 0.35934065934065934 0.007692307692307693 0.0032967032967032967 
0.3755186721991701 0.6203319502074689 0.002074688796680498 0.002074688796680498 
0.18 0.66 0.06 0.1 
0.21428571428571427 0.5 0.21428571428571427 0.07142857142857142 
0.3 0.3 0.1 0.3 
0.08208955223880597 0.8084577114427861 0.08208955223880597 0.02736318407960199 
0.026406926406926406 0.841991341991342 0.11558441558441558 0.016017316017316017 
0.03776978417266187 0.7068345323741008 0.21762589928057555 0.03776978417266187 
0.03804347826086957 0.4945652173913043 0.3423913043478261 0.125 
0.16666666666666666 0.5 0.16666666666666666 0.16666666666666666 
0.07142857142857142 0.21428571428571427 0.4523809523809524 0.2619047619047619 
0.015486725663716814 0.21902654867256638 0.5508849557522124 0.21460176991150443 
0.005307855626326964 0.17940552016985137 0.6125265392781316 0.20276008492569003 
0.00847457627118644 0.2062146892655367 0.4491525423728814 0.3361581920903955 
0.25 0.25 0.25 0.25 
0.1 0.1 0.3 0.5 
0.009259259259259259 0.027777777777777776 0.25 0.7129629629629629 
0.0028735632183908046 0.031609195402298854 0.23850574712643677 0.7270114942528736 
0.0029239766081871343 0.0341130604288499 0.08674463937621832 0.8762183235867447 
0.8445945945945946 0.12837837837837837 0.02027027027027027 0.006756756756756757 
0.6441885964912281 0.3404605263157895 0.013706140350877192 0.001644736842105263 
0.3341232227488152 0.6374407582938388 0.022906793048973143 0.005529225908372828 
0.27631578947368424 0.5921052631578947 0.09210526315789473 0.039473684210526314 
0.19230769230769232 0.6538461538461539 0.038461538461538464 0.11538461538461539 
0.3 0.5 0.1 0.1 
0.0829145728643216 0.7864321608040201 0.10301507537688442 0.02763819095477387 
0.03560638757013379 0.8077255071212776 0.1335779024600777 0.023090202848511005 
0.013578274760383386 0.6493610223642172 0.2787539936102236 0.05830670926517572 
0.04128440366972477 0.5458715596330275 0.24311926605504589 0.16972477064220184 
0.25 0.25 0.25 0.25 
0.05555555555555555 0.16666666666666666 0.2777777777777778 0.5 
0.0075528700906344415 0.21299093655589124 0.5634441087613293 0.21601208459214502 
0.00812407680945347 0.2533234859675037 0.516248153618907 0.2223042836041359 
0.008389261744966443 0.15604026845637584 0.5218120805369127 0.313758389261745 
0.25 0.25 0.25 0.25 
0.1 0.1 0.3 0.5 
0.00847457627118644 0.09322033898305085 0.211864406779661 0.6864406779661016 
0.007142857142857143 0.04047619047619048 0.2261904761904762 0.7261904761904762 
0.0036443148688046646 0.03717201166180758 0.14067055393586006 0.8185131195335277 
0.9343434343434344 0.05555555555555555 0.005050505050505051 0.005050505050505051 
0.715007215007215 0.2777777777777778 0.006493506493506494 7.215007215007215E-4 
0.41451612903225804 0.5629032258064516 0.008064516129032258 0.014516129032258065 
0.39285714285714285 0.5357142857142857 0.03571428571428571 0.03571428571428571 
0.1875 0.5625 0.0625 0.1875 
0.07142857142857142 0.7857142857142857 0.07142857142857142 0.07142857142857142 
0.06553398058252427 0.8519417475728155 0.055825242718446605 0.02669902912621359 
0.03333333333333333 0.8670329670329671 0.08681318681318681 0.01282051282051282 
0.02750809061488673 0.6974110032362459 0.25728155339805825 0.01779935275080906 
0.09722222222222222 0.6527777777777778 0.09722222222222222 0.1527777777777778 
0.16666666666666666 0.16666666666666666 0.16666666666666666 0.5 
0.03333333333333333 0.1 0.5666666666666667 0.3 
0.005494505494505495 0.22527472527472528 0.6758241758241759 0.09340659340659341 
0.0031847133757961785 0.2070063694267516 0.5912951167728238 0.19851380042462846 
0.008426966292134831 0.13764044943820225 0.547752808988764 0.3061797752808989 
0.16666666666666666 0.16666666666666666 0.16666666666666666 0.5 
0.05 0.15 0.15 0.65 
0.006756756756756757 0.0472972972972973 0.23648648648648649 0.7094594594594594 
0.010775862068965518 0.028017241379310345 0.14439655172413793 0.8168103448275862 
0.005072463768115942 0.03260869565217391 0.09492753623188406 0.8673913043478261 
0.8566666666666667 0.13666666666666666 0.0033333333333333335 0.0033333333333333335 
0.7333759590792839 0.2615089514066496 0.0019181585677749361 0.00319693094629156 
0.41113744075829384 0.5651658767772512 0.017772511848341232 0.005924170616113744 
0.38 0.54 0.02 0.06 
0.25 0.65 0.05 0.05 
0.16666666666666666 0.6111111111111112 0.05555555555555555 0.16666666666666666 
0.08754863813229571 0.8229571984435797 0.06809338521400778 0.021400778210116732 
0.04045189504373178 0.8647959183673469 0.07762390670553936 0.017128279883381923 
0.036163522012578615 0.7342767295597484 0.19339622641509435 0.036163522012578615 
0.09322033898305085 0.5508474576271186 0.2627118644067797 0.09322033898305085 
0.25 0.25 0.25 0.25 
0.025 0.375 0.475 0.125 
0.0021008403361344537 0.35084033613445376 0.49369747899159666 0.15336134453781514 
0.006067961165048544 0.2366504854368932 0.5813106796116505 0.17597087378640777 
0.020833333333333332 0.15773809523809523 0.4791666666666667 0.34226190476190477 
0.25 0.25 0.25 0.25 
0.08333333333333333 0.08333333333333333 0.4166666666666667 0.4166666666666667 
0.03409090909090909 0.07954545454545454 0.14772727272727273 0.7386363636363636 
0.003105590062111801 0.09627329192546584 0.20186335403726707 0.6987577639751553 
0.00331858407079646 0.034292035398230086 0.09402654867256637 0.8683628318584071 
0.6730769230769231 0.28846153846153844 0.019230769230769232 0.019230769230769232 
0.5971428571428572 0.39714285714285713 0.002857142857142857 0.002857142857142857 
0.30357142857142855 0.6726190476190477 0.005952380952380952 0.017857142857142856 
0.1 0.5 0.3 0.1 
0.25 0.25 0.25 0.25 
0.15 0.55 0.05 0.25 
0.039473684210526314 0.8640350877192983 0.07456140350877193 0.021929824561403508 
0.026618705035971222 0.8237410071942446 0.13884892086330936 0.01079136690647482 
0.018421052631578946 0.5342105263157895 0.3815789473684211 0.06578947368421052 
0.03409090909090909 0.4659090909090909 0.3068181818181818 0.19318181818181818 
0.25 0.25 0.25 0.25 
0.029411764705882353 0.20588235294117646 0.5588235294117647 0.20588235294117646 
0.00228310502283105 0.23972602739726026 0.545662100456621 0.21232876712328766 
0.0033259423503325942 0.15631929046563192 0.5953436807095344 0.24501108647450112 
0.0034965034965034965 0.07342657342657342 0.5699300699300699 0.3531468531468531 
0.25 0.25 0.25 0.25 
0.125 0.125 0.125 0.625 
0.01020408163265306 0.01020408163265306 0.2755102040816326 0.7040816326530612 
0.0022522522522522522 0.015765765765765764 0.20045045045045046 0.7815315315315315 
6.289308176100629E-4 0.016981132075471698 0.07861635220125786 0.9037735849056604 
</TABLE>
</DEFINITION>
<DEFINITION>
<FOR>pixel5</FOR>
<GIVEN>emotion</GIVEN>
<GIVEN>pixel1</GIVEN>
<TABLE>
0.6346356916578669 0.18479408658922913 0.1805702217529039 
0.49721627408993574 0.2616702355460385 0.24111349036402568 
0.3768976897689769 0.266006600660066 0.3570957095709571 
0.3218797372410308 0.2177867609903992 0.46033350176856996 
0.32683790965456155 0.1355181576616475 0.537643932683791 
0.6595744680851063 0.3191489361702128 0.02127659574468085 
0.3624454148471616 0.32751091703056767 0.31004366812227074 
0.32947976878612717 0.26011560693641617 0.41040462427745666 
0.13580246913580246 0.29218106995884774 0.5720164609053497 
0.15428571428571428 0.06285714285714286 0.7828571428571428 
0.655608214849921 0.1627172195892575 0.18167456556082148 
0.5361823361823361 0.25584045584045584 0.20797720797720798 
0.35660506502395617 0.3483915126625599 0.2950034223134839 
0.33147632311977715 0.24154397134898528 0.42697970553123754 
0.26539058458354886 0.15157785825142267 0.5830315571650284 
0.6787372330547818 0.16434540389972144 0.15691736304549675 
0.5308113252438734 0.2790863668807994 0.19010230787532714 
0.3970877607241244 0.3254624163715073 0.27744982290436837 
0.3477102011146111 0.2318875696631936 0.4204022292221953 
0.26992073425114727 0.13975803087192323 0.5903212348769294 
0.7829638273045507 0.14352392065344224 0.073512252042007 
0.6569552728764875 0.2170701682396389 0.12597455888387363 
0.48567621585609594 0.2911392405063291 0.22318454363757495 
0.4271604938271605 0.2345679012345679 0.33827160493827163 
0.39050936003482806 0.14323030039181542 0.46626033957335655 
0.7188898836168308 0.1674127126230976 0.11369740376007162 
0.5722504230118444 0.256175972927242 0.1715736040609137 
0.39372409709887507 0.3191237418590882 0.2871521610420367 
0.374633737965676 0.22812892423608205 0.39723733779824194 
0.32751091703056767 0.15283842794759825 0.519650655021834 
0.6097560975609756 0.2682926829268293 0.12195121951219512 
0.49732620320855614 0.3155080213903743 0.18716577540106952 
0.4163860830527497 0.29068462401795736 0.29292929292929293 
0.3665244191559981 0.22617354196301565 0.40730203888098626 
0.26559092891408637 0.14871347579590058 0.5856955952900131 
</TABLE>
</DEFINITION>
<DEFINITION>
<FOR>pixel6</FOR>
<GIVEN>emotion</GIVEN>
<GIVEN>pixel5</GIVEN>
<GIVEN>pixel4</GIVEN>
<TABLE>
0.1423529411764706 0.8176470588235294 0.027058823529411764 0.012941176470588235 
0.07678571428571429 0.8303571428571429 0.07083333333333333 0.022023809523809525 
0.09698275862068965 0.7650862068965517 0.07543103448275862 0.0625 
0.09269662921348315 0.7275280898876404 0.1151685393258427 0.06460674157303371 
0.0029411764705882353 0.36764705882352944 0.43823529411764706 0.19117647058823528 
0.001002004008016032 0.23146292585170342 0.5480961923847696 0.21943887775551102 
0.004201680672268907 0.20588235294117646 0.4579831932773109 0.3319327731092437 
0.02403846153846154 0.14903846153846154 0.3125 0.5144230769230769 
0.002617801047120419 0.07068062827225131 0.14397905759162305 0.7827225130890052 
0.002347417840375587 0.024256651017214397 0.08841940532081377 0.8849765258215962 
0.0016891891891891893 0.018581081081081082 0.10304054054054054 0.8766891891891891 
