<?xml version="1.0"?>
<!-- DTD for the XMLBIF 0.3 format -->
<!DOCTYPE BIF [
	<!ELEMENT BIF ( NETWORK )*>
	      <!ATTLIST BIF VERSION CDATA #REQUIRED>
	<!ELEMENT NETWORK ( NAME, ( PROPERTY | VARIABLE | DEFINITION )* )>
	<!ELEMENT NAME (#PCDATA)>
	<!ELEMENT VARIABLE ( NAME, ( OUTCOME |  PROPERTY )* ) >
	      <!ATTLIST VARIABLE TYPE (nature|decision|utility) "nature">
	<!ELEMENT OUTCOME (#PCDATA)>
	<!ELEMENT DEFINITION ( FOR | GIVEN | TABLE | PROPERTY )* >
	<!ELEMENT FOR (#PCDATA)>
	<!ELEMENT GIVEN (#PCDATA)>
	<!ELEMENT TABLE (#PCDATA)>
	<!ELEMENT PROPERTY (#PCDATA)>
]>


<BIF VERSION="0.3">
<NETWORK>
<NAME>faces-weka.filters.supervised.attribute.Discretize-Rfirst-last-precision6-weka.filters.unsupervised.attribute.ReplaceMissingValues</NAME>
<VARIABLE TYPE="nature">
<NAME>emotion</NAME>
<OUTCOME>angry</OUTCOME>
<OUTCOME>disgust</OUTCOME>
<OUTCOME>fear</OUTCOME>
<OUTCOME>happy</OUTCOME>
<OUTCOME>neutral</OUTCOME>
<OUTCOME>sad</OUTCOME>
<OUTCOME>surprise</OUTCOME>
</VARIABLE>
<VARIABLE TYPE="nature">
<NAME>pixel0</NAME>
<OUTCOME>&apos;\&apos;(-inf-0.448039]\&apos;&apos;</OUTCOME>
<OUTCOME>&apos;\&apos;(0.448039-0.688235]\&apos;&apos;</OUTCOME>
<OUTCOME>&apos;\&apos;(0.688235-0.789216]\&apos;&apos;</OUTCOME>
<OUTCOME>&apos;\&apos;(0.789216-inf)\&apos;&apos;</OUTCOME>
</VARIABLE>
<VARIABLE TYPE="nature">
<NAME>pixel1</NAME>
<OUTCOME>&apos;\&apos;(-inf-0.295588]\&apos;&apos;</OUTCOME>
<OUTCOME>&apos;\&apos;(0.295588-0.52451]\&apos;&apos;</OUTCOME>
<OUTCOME>&apos;\&apos;(0.52451-0.620098]\&apos;&apos;</OUTCOME>
<OUTCOME>&apos;\&apos;(0.620098-0.762745]\&apos;&apos;</OUTCOME>
<OUTCOME>&apos;\&apos;(0.762745-inf)\&apos;&apos;</OUTCOME>
</VARIABLE>
<VARIABLE TYPE="nature">
<NAME>pixel2</NAME>
<OUTCOME>&apos;\&apos;(-inf-0.152451]\&apos;&apos;</OUTCOME>
<OUTCOME>&apos;\&apos;(0.152451-0.40098]\&apos;&apos;</OUTCOME>
<OUTCOME>&apos;\&apos;(0.40098-0.657353]\&apos;&apos;</OUTCOME>
<OUTCOME>&apos;\&apos;(0.657353-0.768627]\&apos;&apos;</OUTCOME>
<OUTCOME>&apos;\&apos;(0.768627-inf)\&apos;&apos;</OUTCOME>
</VARIABLE>
<VARIABLE TYPE="nature">
<NAME>pixel3</NAME>
<OUTCOME>&apos;\&apos;(-inf-0.429412]\&apos;&apos;</OUTCOME>
<OUTCOME>&apos;\&apos;(0.429412-0.648529]\&apos;&apos;</OUTCOME>
<OUTCOME>&apos;\&apos;(0.648529-0.788235]\&apos;&apos;</OUTCOME>
<OUTCOME>&apos;\&apos;(0.788235-inf)\&apos;&apos;</OUTCOME>
</VARIABLE>
<VARIABLE TYPE="nature">
<NAME>pixel4</NAME>
<OUTCOME>&apos;\&apos;(-inf-0.408824]\&apos;&apos;</OUTCOME>
<OUTCOME>&apos;\&apos;(0.408824-0.705392]\&apos;&apos;</OUTCOME>
<OUTCOME>&apos;\&apos;(0.705392-0.794118]\&apos;&apos;</OUTCOME>
<OUTCOME>&apos;\&apos;(0.794118-inf)\&apos;&apos;</OUTCOME>
</VARIABLE>
<VARIABLE TYPE="nature">
<NAME>pixel5</NAME>
<OUTCOME>&apos;\&apos;(-inf-0.493627]\&apos;&apos;</OUTCOME>
<OUTCOME>&apos;\&apos;(0.493627-0.669608]\&apos;&apos;</OUTCOME>
<OUTCOME>&apos;\&apos;(0.669608-inf)\&apos;&apos;</OUTCOME>
</VARIABLE>
<VARIABLE TYPE="nature">
<NAME>pixel6</NAME>
<OUTCOME>&apos;\&apos;(-inf-0.080392]\&apos;&apos;</OUTCOME>
<OUTCOME>&apos;\&apos;(0.080392-0.542647]\&apos;&apos;</OUTCOME>
<OUTCOME>&apos;\&apos;(0.542647-0.663235]\&apos;&apos;</OUTCOME>
<OUTCOME>&apos;\&apos;(0.663235-inf)\&apos;&apos;</OUTCOME>
</VARIABLE>
<VARIABLE TYPE="nature">
<NAME>pixel7</NAME>
<OUTCOME>&apos;\&apos;(-inf-0.50098]\&apos;&apos;</OUTCOME>
<OUTCOME>&apos;\&apos;(0.50098-inf)\&apos;&apos;</OUTCOME>
</VARIABLE>
<VARIABLE TYPE="nature">
<NAME>pixel8</NAME>
<OUTCOME>&apos;\&apos;(-inf-0.181373]\&apos;&apos;</OUTCOME>
<OUTCOME>&apos;\&apos;(0.181373-0.565196]\&apos;&apos;</OUTCOME>
<OUTCOME>&apos;\&apos;(0.565196-inf)\&apos;&apos;</OUTCOME>
</VARIABLE>
<VARIABLE TYPE="nature">
<NAME>pixel9</NAME>
<OUTCOME>&apos;\&apos;(-inf-0.093137]\&apos;&apos;</OUTCOME>
<OUTCOME>&apos;\&apos;(0.093137-0.593137]\&apos;&apos;</OUTCOME>
<OUTCOME>&apos;\&apos;(0.593137-inf)\&apos;&apos;</OUTCOME>
</VARIABLE>
<VARIABLE TYPE="nature">
<NAME>pixel10</NAME>
<OUTCOME>&apos;\&apos;(-inf-0.020098]\&apos;&apos;</OUTCOME>
<OUTCOME>&apos;\&apos;(0.020098-0.435294]\&apos;&apos;</OUTCOME>
<OUTCOME>&apos;\&apos;(0.435294-0.735294]\&apos;&apos;</OUTCOME>
<OUTCOME>&apos;\&apos;(0.735294-0.972059]\&apos;&apos;</OUTCOME>
<OUTCOME>&apos;\&apos;(0.972059-inf)\&apos;&apos;</OUTCOME>
</VARIABLE>
<VARIABLE TYPE="nature">
<NAME>pixel11</NAME>
<OUTCOME>&apos;\&apos;(-inf-0.026961]\&apos;&apos;</OUTCOME>
<OUTCOME>&apos;\&apos;(0.026961-0.676471]\&apos;&apos;</OUTCOME>
<OUTCOME>&apos;\&apos;(0.676471-0.991667]\&apos;&apos;</OUTCOME>
<OUTCOME>&apos;\&apos;(0.991667-inf)\&apos;&apos;</OUTCOME>
</VARIABLE>
<VARIABLE TYPE="nature">
<NAME>pixel12</NAME>
<OUTCOME>&apos;\&apos;(-inf-0.603922]\&apos;&apos;</OUTCOME>
<OUTCOME>&apos;\&apos;(0.603922-0.976471]\&apos;&apos;</OUTCOME>
<OUTCOME>&apos;\&apos;(0.976471-inf)\&apos;&apos;</OUTCOME>
</VARIABLE>
<VARIABLE TYPE="nature">
<NAME>pixel13</NAME>
<OUTCOME>&apos;\&apos;(-inf-0.493137]\&apos;&apos;</OUTCOME>
<OUTCOME>&apos;\&apos;(0.493137-0.675]\&apos;&apos;</OUTCOME>
<OUTCOME>&apos;\&apos;(0.675-0.957353]\&apos;&apos;</OUTCOME>
<OUTCOME>&apos;\&apos;(0.957353-inf)\&apos;&apos;</OUTCOME>
</VARIABLE>
<VARIABLE TYPE="nature">
<NAME>pixel14</NAME>
<OUTCOME>&apos;\&apos;(-inf-0.585294]\&apos;&apos;</OUTCOME>
<OUTCOME>&apos;\&apos;(0.585294-0.985784]\&apos;&apos;</OUTCOME>
<OUTCOME>&apos;\&apos;(0.985784-inf)\&apos;&apos;</OUTCOME>
</VARIABLE>
<VARIABLE TYPE="nature">
<NAME>pixel15</NAME>
<OUTCOME>&apos;\&apos;(-inf-0.016176]\&apos;&apos;</OUTCOME>
<OUTCOME>&apos;\&apos;(0.016176-0.180392]\&apos;&apos;</OUTCOME>
<OUTCOME>&apos;\&apos;(0.180392-0.389216]\&apos;&apos;</OUTCOME>
<OUTCOME>&apos;\&apos;(0.389216-0.587255]\&apos;&apos;</OUTCOME>
<OUTCOME>&apos;\&apos;(0.587255-inf)\&apos;&apos;</OUTCOME>
</VARIABLE>
<VARIABLE TYPE="nature">
<NAME>pixel16</NAME>
<OUTCOME>&apos;\&apos;(-inf-0.161275]\&apos;&apos;</OUTCOME>
<OUTCOME>&apos;\&apos;(0.161275-0.362745]\&apos;&apos;</OUTCOME>
<OUTCOME>&apos;\&apos;(0.362745-0.498039]\&apos;&apos;</OUTCOME>
<OUTCOME>&apos;\&apos;(0.498039-0.606863]\&apos;&apos;</OUTCOME>
<OUTCOME>&apos;\&apos;(0.606863-inf)\&apos;&apos;</OUTCOME>
</VARIABLE>
<VARIABLE TYPE="nature">
<NAME>pixel17</NAME>
<OUTCOME>&apos;\&apos;(-inf-0.194608]\&apos;&apos;</OUTCOME>
<OUTCOME>&apos;\&apos;(0.194608-0.288725]\&apos;&apos;</OUTCOME>
<OUTCOME>&apos;\&apos;(0.288725-0.491667]\&apos;&apos;</OUTCOME>
<OUTCOME>&apos;\&apos;(0.491667-inf)\&apos;&apos;</OUTCOME>
</VARIABLE>
<VARIABLE TYPE="nature">
<NAME>pixel18</NAME>
<OUTCOME>&apos;\&apos;(-inf-0.151961]\&apos;&apos;</OUTCOME>
<OUTCOME>&apos;\&apos;(0.151961-0.334804]\&apos;&apos;</OUTCOME>
<OUTCOME>&apos;\&apos;(0.334804-0.541667]\&apos;&apos;</OUTCOME>
<OUTCOME>&apos;\&apos;(0.541667-inf)\&apos;&apos;</OUTCOME>
</VARIABLE>
<VARIABLE TYPE="nature">
<NAME>pixel19</NAME>
<OUTCOME>&apos;\&apos;(-inf-0.207843]\&apos;&apos;</OUTCOME>
<OUTCOME>&apos;\&apos;(0.207843-0.405392]\&apos;&apos;</OUTCOME>
<OUTCOME>&apos;\&apos;(0.405392-0.571078]\&apos;&apos;</OUTCOME>
<OUTCOME>&apos;\&apos;(0.571078-inf)\&apos;&apos;</OUTCOME>
</VARIABLE>
<VARIABLE TYPE="nature">
<NAME>pixel20</NAME>
<OUTCOME>&apos;\&apos;(-inf-0.090686]\&apos;&apos;</OUTCOME>
<OUTCOME>&apos;\&apos;(0.090686-0.337255]\&apos;&apos;</OUTCOME>
<OUTCOME>&apos;\&apos;(0.337255-inf)\&apos;&apos;</OUTCOME>
</VARIABLE>
<VARIABLE TYPE="nature">
<NAME>pixel21</NAME>
<OUTCOME>&apos;\&apos;(-inf-0.156373]\&apos;&apos;</OUTCOME>
<OUTCOME>&apos;\&apos;(0.156373-0.503431]\&apos;&apos;</OUTCOME>
<OUTCOME>&apos;\&apos;(0.503431-0.991667]\&apos;&apos;</OUTCOME>
<OUTCOME>&apos;\&apos;(0.991667-inf)\&apos;&apos;</OUTCOME>
</VARIABLE>
<VARIABLE TYPE="nature">
<NAME>pixel22</NAME>
<OUTCOME>&apos;\&apos;(-inf-0.355882]\&apos;&apos;</OUTCOME>
<OUTCOME>&apos;\&apos;(0.355882-0.978431]\&apos;&apos;</OUTCOME>
<OUTCOME>&apos;\&apos;(0.978431-inf)\&apos;&apos;</OUTCOME>
</VARIABLE>
<VARIABLE TYPE="nature">
<NAME>pixel23</NAME>
<OUTCOME>&apos;\&apos;(-inf-0.058333]\&apos;&apos;</OUTCOME>
<OUTCOME>&apos;\&apos;(0.058333-0.289706]\&apos;&apos;</OUTCOME>
<OUTCOME>&apos;\&apos;(0.289706-0.634314]\&apos;&apos;</OUTCOME>
<OUTCOME>&apos;\&apos;(0.634314-0.967157]\&apos;&apos;</OUTCOME>
<OUTCOME>&apos;\&apos;(0.967157-inf)\&apos;&apos;</OUTCOME>
</VARIABLE>
<VARIABLE TYPE="nature">
<NAME>pixel24</NAME>
<OUTCOME>&apos;\&apos;(-inf-0.159314]\&apos;&apos;</OUTCOME>
<OUTCOME>&apos;\&apos;(0.159314-0.546569]\&apos;&apos;</OUTCOME>
<OUTCOME>&apos;\&apos;(0.546569-0.960784]\&apos;&apos;</OUTCOME>
<OUTCOME>&apos;\&apos;(0.960784-inf)\&apos;&apos;</OUTCOME>
</VARIABLE>
<VARIABLE TYPE="nature">
<NAME>pixel25</NAME>
<OUTCOME>&apos;\&apos;(-inf-0.328431]\&apos;&apos;</OUTCOME>
<OUTCOME>&apos;\&apos;(0.328431-0.627451]\&apos;&apos;</OUTCOME>
<OUTCOME>&apos;\&apos;(0.627451-0.758824]\&apos;&apos;</OUTCOME>
<OUTCOME>&apos;\&apos;(0.758824-inf)\&apos;&apos;</OUTCOME>
</VARIABLE>
<VARIABLE TYPE="nature">
<NAME>pixel26</NAME>
<OUTCOME>&apos;\&apos;(-inf-0.419608]\&apos;&apos;</OUTCOME>
<OUTCOME>&apos;\&apos;(0.419608-0.614706]\&apos;&apos;</OUTCOME>
<OUTCOME>&apos;\&apos;(0.614706-0.761765]\&apos;&apos;</OUTCOME>
<OUTCOME>&apos;\&apos;(0.761765-inf)\&apos;&apos;</OUTCOME>
</VARIABLE>
<VARIABLE TYPE="nature">
<NAME>pixel27</NAME>
<OUTCOME>&apos;\&apos;(-inf-0.465686]\&apos;&apos;</OUTCOME>
<OUTCOME>&apos;\&apos;(0.465686-0.639216]\&apos;&apos;</OUTCOME>
<OUTCOME>&apos;\&apos;(0.639216-0.772059]\&apos;&apos;</OUTCOME>
<OUTCOME>&apos;\&apos;(0.772059-inf)\&apos;&apos;</OUTCOME>
</VARIABLE>
<VARIABLE TYPE="nature">
<NAME>pixel28</NAME>
<OUTCOME>&apos;\&apos;(-inf-0.466667]\&apos;&apos;</OUTCOME>
<OUTCOME>&apos;\&apos;(0.466667-0.684804]\&apos;&apos;</OUTCOME>
<OUTCOME>&apos;\&apos;(0.684804-0.77598]\&apos;&apos;</OUTCOME>
<OUTCOME>&apos;\&apos;(0.77598-inf)\&apos;&apos;</OUTCOME>
</VARIABLE>
<VARIABLE TYPE="nature">
<NAME>pixel29</NAME>
<OUTCOME>&apos;\&apos;(-inf-0.477451]\&apos;&apos;</OUTCOME>
<OUTCOME>&apos;\&apos;(0.477451-0.644608]\&apos;&apos;</OUTCOME>
<OUTCOME>&apos;\&apos;(0.644608-0.768137]\&apos;&apos;</OUTCOME>
<OUTCOME>&apos;\&apos;(0.768137-inf)\&apos;&apos;</OUTCOME>
</VARIABLE>
<VARIABLE TYPE="nature">
<NAME>pixel30</NAME>
<OUTCOME>&apos;\&apos;(-inf-0.22402]\&apos;&apos;</OUTCOME>
<OUTCOME>&apos;\&apos;(0.22402-0.405882]\&apos;&apos;</OUTCOME>
<OUTCOME>&apos;\&apos;(0.405882-0.676961]\&apos;&apos;</OUTCOME>
<OUTCOME>&apos;\&apos;(0.676961-0.822059]\&apos;&apos;</OUTCOME>
<OUTCOME>&apos;\&apos;(0.822059-inf)\&apos;&apos;</OUTCOME>
</VARIABLE>
<VARIABLE TYPE="nature">
<NAME>pixel31</NAME>
<OUTCOME>&apos;\&apos;(-inf-0.279412]\&apos;&apos;</OUTCOME>
<OUTCOME>&apos;\&apos;(0.279412-0.480882]\&apos;&apos;</OUTCOME>
<OUTCOME>&apos;\&apos;(0.480882-0.648039]\&apos;&apos;</OUTCOME>
<OUTCOME>&apos;\&apos;(0.648039-0.745098]\&apos;&apos;</OUTCOME>
<OUTCOME>&apos;\&apos;(0.745098-inf)\&apos;&apos;</OUTCOME>
</VARIABLE>
<VARIABLE TYPE="nature">
<NAME>pixel32</NAME>
<OUTCOME>&apos;\&apos;(-inf-0.448039]\&apos;&apos;</OUTCOME>
<OUTCOME>&apos;\&apos;(0.448039-0.688235]\&apos;&apos;</OUTCOME>
<OUTCOME>&apos;\&apos;(0.688235-0.789216]\&apos;&apos;</OUTCOME>
<OUTCOME>&apos;\&apos;(0.789216-inf)\&apos;&apos;</OUTCOME>
</VARIABLE>
<VARIABLE TYPE="nature">
<NAME>pixel33</NAME>
<OUTCOME>&apos;\&apos;(-inf-0.428922]\&apos;&apos;</OUTCOME>
<OUTCOME>&apos;\&apos;(0.428922-0.598039]\&apos;&apos;</OUTCOME>
<OUTCOME>&apos;\&apos;(0.598039-0.75]\&apos;&apos;</OUTCOME>
<OUTCOME>&apos;\&apos;(0.75-inf)\&apos;&apos;</OUTCOME>
</VARIABLE>
<VARIABLE TYPE="nature">
<NAME>pixel34</NAME>
<OUTCOME>&apos;\&apos;(-inf-0.477451]\&apos;&apos;</OUTCOME>
<OUTCOME>&apos;\&apos;(0.477451-0.644608]\&apos;&apos;</OUTCOME>
<OUTCOME>&apos;\&apos;(0.644608-0.768137]\&apos;&apos;</OUTCOME>
<OUTCOME>&apos;\&apos;(0.768137-inf)\&apos;&apos;</OUTCOME>
</VARIABLE>
<DEFINITION>
<FOR>emotion</FOR>
<TABLE>
0.13740923259094154 0.014853640273738833 0.14420046319675414 0.24955160464589826 0.17261915127030839 0.16958921761540738 0.11177669040695143 
</TABLE>
</DEFINITION>
<DEFINITION>
<FOR>pixel0</FOR>
<GIVEN>emotion</GIVEN>
<TABLE>
0.29579427413225234 0.42171269318469723 0.17367620977957943 0.10881682290347099 
0.2161214953271028 0.4871495327102804 0.16238317757009346 0.13434579439252337 
0.19157411878319652 0.415620473201352 0.21450989859971029 0.17829550941574118 
0.23168689828380076 0.45297893121250177 0.18243337519185154 0.13290079531184595 
0.22478822105687776 0.38594191206131506 0.18767648245260185 0.20159338442920532 
0.2832067337302402 0.41172243892424554 0.17049887086840484 0.13457195647710943 
0.08797882279663656 0.324976642790408 0.25615073185923387 0.3308938025537216 
</TABLE>
</DEFINITION>
<DEFINITION>
<FOR>pixel1</FOR>
<GIVEN>emotion</GIVEN>
<TABLE>
0.11969601013299556 0.2955034832172261 0.1916402786573781 0.25041165294490186 0.1427485750474984 
0.052508751458576426 0.26487747957992996 0.19953325554259044 0.2812135355892649 0.20186697782963828 
0.07616173808086904 0.2115872057936029 0.17610138805069403 0.30307785153892575 0.23307181653590828 
0.0749912800837112 0.2930589466341123 0.1771189396581793 0.2877572375305197 0.1670735960934775 
0.08621558939195322 0.24553796511041645 0.15115458303922558 0.285671069880004 0.23142079257840073 
0.11444113722672689 0.3030893975161654 0.17314995381299395 0.2449964076773068 0.16432310376680695 
0.03160516892417873 0.1452592246613732 0.13840884321967928 0.32803985676475167 0.3566869064300171 
</TABLE>
</DEFINITION>
<DEFINITION>
<FOR>pixel2</FOR>
<GIVEN>emotion</GIVEN>
<TABLE>
0.038632045598480054 0.20886637112096262 0.4474984167194427 0.18074730842305256 0.12425585813806206 
0.010501750291715286 0.17852975495915985 0.4305717619603267 0.22520420070011668 0.15519253208868145 
0.018708509354254676 0.16282438141219072 0.4027761013880507 0.22703681351840677 0.18865419432709715 
0.010533658876874782 0.15591210324380886 0.4649459365190094 0.21534705266829438 0.15326124869201255 
0.021074921851366342 0.1848341232227488 0.4062720580820813 0.2054048603408289 0.1824140365029747 
0.031920353074001845 0.2170789284614595 0.42461254233808887 0.18649286667350917 0.13989530945294057 
0.010119881675229644 0.09419274482329129 0.32368052312003737 0.2679433286626187 0.304063521718823 
</TABLE>
</DEFINITION>
<DEFINITION>
<FOR>pixel3</FOR>
<GIVEN>emotion</GIVEN>
<TABLE>
0.3028882695718267 0.3667342285279959 0.23017481631618952 0.10020268558398784 
0.2324766355140187 0.3703271028037383 0.2628504672897196 0.13434579439252337 
0.2077498792853694 0.36057460164171895 0.2787300820859488 0.1529454369869628 
0.2513604018417748 0.4037254081205525 0.2459187944746756 0.09899539556299707 
0.2280153287615974 0.33572004840661557 0.26472367890278337 0.17154094392900363 
0.28895504003284744 0.37045781153767193 0.2220283309382057 0.11855881749127489 
0.09856742447835565 0.2829336655247586 0.3520710059171598 0.26642790407972594 
</TABLE>
</DEFINITION>
<DEFINITION>
<FOR>pixel4</FOR>
<GIVEN>emotion</GIVEN>
<TABLE>
0.19774512287813528 0.4997466430200152 0.1625285026602483 0.13997973144160122 
0.1483644859813084 0.5011682242990654 0.1647196261682243 0.18574766355140188 
0.12204249154997586 0.4639063254466441 0.20388701110574603 0.210164171897634 
0.1389005162550579 0.49846518766569 0.19638621459467 0.16624808148458212 
0.16105284388866478 0.4434247680516337 0.1816256555062525 0.21389673255344896 
0.20252514884007392 0.49158283719975365 0.1507903921166085 0.15510162184356396 
0.054344440984117094 0.33681096231703517 0.24493927125506074 0.363905325443787 
</TABLE>
</DEFINITION>
<DEFINITION>
<FOR>pixel5</FOR>
<GIVEN>emotion</GIVEN>
<TABLE>
0.42252628911693907 0.22412264031420245 0.3533510705688585 
0.2654970760233918 0.24912280701754386 0.4853801169590643 
0.38862730894603403 0.23626705300012074 0.3751056380538452 
0.4220330705365241 0.2417498081350729 0.336217121328403 
0.5148764498234998 0.2096822995461422 0.27544125063035807 
0.46966430551278104 0.2329329637614208 0.29740273072579815 
0.3642734776514562 0.2216165706276281 0.41410995172091575 
</TABLE>
</DEFINITION>
<DEFINITION>
<FOR>pixel6</FOR>
<GIVEN>emotion</GIVEN>
<TABLE>
0.04193058018748416 0.4072713453255637 0.17012921205979226 0.38066886242715986 
0.005841121495327103 0.2605140186915888 0.2558411214953271 0.477803738317757 
0.03367938194109126 0.38640753259295024 0.1732254949299855 0.406687590535973 
0.03397516394586298 0.4113994697921027 0.17866610855309056 0.3759592577089438 
0.058390480032271076 0.4855788624445341 0.1525816861637757 0.3034489713594191 
0.05389037158694313 0.4533976596181482 0.17542599055635394 0.3172859782385547 
0.016350046714419184 0.36546247274992216 0.15773902211149174 0.46044845842416693 
</TABLE>
</DEFINITION>
<DEFINITION>
<FOR>pixel7</FOR>
<GIVEN>emotion</GIVEN>
<TABLE>
0.40610745058286873 0.5938925494171313 
0.25878220140515223 0.7412177985948478 
0.37998068099492877 0.6200193190050712 
0.4107591403851521 0.5892408596148478 
0.5119023602985677 0.48809763970143233 
0.4563655030800821 0.5436344969199178 
0.3506230529595016 0.6493769470404984 
</TABLE>
</DEFINITION>
<DEFINITION>
<FOR>pixel8</FOR>
<GIVEN>emotion</GIVEN>
<TABLE>
0.1111111111111111 0.37032813885721527 0.5185607500316737 
0.05497076023391813 0.24678362573099416 0.6982456140350877 
0.09839430158155257 0.35047688035735847 0.5511288180610889 
0.10597920881880973 0.36886904346612714 0.5251517477150631 
0.16469994957135653 0.40353000504286435 0.4317700453857791 
0.1327379119186942 0.41094343496560926 0.4563186531156965 
0.0770907958261953 0.3272076000622956 0.5957016041115091 
</TABLE>
</DEFINITION>
<DEFINITION>
<FOR>pixel9</FOR>
<GIVEN>emotion</GIVEN>
<TABLE>
0.05840618269352591 0.4987964018750792 0.4427974154313949 
0.010526315789473684 0.4128654970760234 0.5766081871345029 
0.04648074369189907 0.495110467222021 0.4584087890860799 
0.0498848810437452 0.5328263447987163 0.41728877415753857 
0.0832072617246596 0.5753908219868885 0.34140191628845185 
0.0707319577045478 0.5462478184991274 0.38302022379632483 
0.03877900638529824 0.47547111041893786 0.4857498831957639 
</TABLE>
</DEFINITION>
<DEFINITION>
<FOR>pixel10</FOR>
<GIVEN>emotion</GIVEN>
<TABLE>
0.0409119696010133 0.46371120962634577 0.2757441418619379 0.15364154528182394 0.06599113362887904 
0.026837806301050177 0.48191365227537925 0.28588098016336055 0.13418903150525088 0.07117852975495916 
0.031261315630657815 0.4167773083886542 0.27845503922751963 0.19831019915509956 0.0751961375980688 
0.024625043599581443 0.5352633414719219 0.2701778862922916 0.13093826299267528 0.03899546564352982 
0.03882222446304326 0.5357466975899969 0.2564283553494 0.12917212866794395 0.03983059392961581 
0.040747203120188855 0.5005645078517911 0.28543569742379143 0.14317971877245203 0.03007287283177666 
0.012610929472209247 0.39342986143546627 0.2592246613731901 0.21781099174840418 0.11692355597073019 
</TABLE>
</DEFINITION>
<DEFINITION>
<FOR>pixel11</FOR>
<GIVEN>emotion</GIVEN>
<TABLE>
0.05029136052698252 0.6740562452495567 0.22738788953635672 0.04826450468710413 
0.012850467289719626 0.6950934579439252 0.2324766355140187 0.05957943925233645 
0.03657653307580879 0.6423225494929986 0.2654514727184935 0.05564944471269918 
0.029789312125017443 0.752267336402958 0.1920608343797963 0.025882517092228267 
0.04003630496167809 0.7469745865268254 0.18485276321097216 0.028136345300524404 
0.04998973516731677 0.724389242455348 0.20622048860603573 0.01940053377129953 
0.01728433509810028 0.5900031142946123 0.30317658050451574 0.08953597010277173 
</TABLE>
</DEFINITION>
<DEFINITION>
<FOR>pixel12</FOR>
<GIVEN>emotion</GIVEN>
<TABLE>
0.6830102622576967 0.26567844925883694 0.05131128848346636 
0.632748538011696 0.34502923976608185 0.022222222222222223 
0.6037667511771098 0.33260895810696606 0.06362429071592418 
0.7239935812460755 0.24161027000627922 0.034396148747645294 
0.7224407463439233 0.24336863338376197 0.034190620272314676 
0.7078328713684426 0.2680422954522123 0.024124833179345037 
0.5723407568914499 0.33530602709858276 0.09235321600996729 
</TABLE>
</DEFINITION>
<DEFINITION>
<FOR>pixel13</FOR>
<GIVEN>emotion</GIVEN>
<TABLE>
0.5476311122371421 0.2002786926779833 0.1949581960983025 0.05713199898657208 
0.5035046728971962 0.1810747663551402 0.2488317757009346 0.06658878504672897 
0.48177209077740224 0.20799130854659584 0.24975857073877353 0.060478029937228395 
0.602692898004744 0.1864796986186689 0.18075903446351332 0.03006836891307381 
0.6011496571198064 0.1870713997579669 0.17880193626462282 0.03297700685760387 
0.577191541777869 0.19575035926914391 0.1992404023814412 0.027817696571545883 
0.44300840859545315 0.18981625661787604 0.28573653067580196 0.08143880411086889 
</TABLE>
</DEFINITION>
<DEFINITION>
<FOR>pixel14</FOR>
<GIVEN>emotion</GIVEN>
<TABLE>
0.6700874192322311 0.2938046370201444 0.03610794374762448 
0.6210526315789474 0.33567251461988307 0.04327485380116959 
0.6143909211638295 0.34757937945188944 0.03802969938428106 
0.7212028186702016 0.2579362310751413 0.020860950254657087 
0.7373676248108926 0.23973777105395866 0.022894604135148766 
0.7033158813263525 0.2817985833076686 0.014885535365978851 
0.5813736178165395 0.3630275657997197 0.05559881638374085 
</TABLE>
</DEFINITION>
<DEFINITION>
<FOR>pixel15</FOR>
<GIVEN>emotion</GIVEN>
<TABLE>
0.013299556681443952 0.0915769474350855 0.2577580747308423 0.35275490816972765 0.2846105129829006 
0.003500583430571762 0.03617269544924154 0.2322053675612602 0.32555425904317387 0.4025670945157526 
0.0059143029571514785 0.07374773687386843 0.23862401931200966 0.3610138805069403 0.3207000603500302 
3.487966515521451E-4 0.038437391001046387 0.16832926403906523 0.35486571328915245 0.4380188350191838 
0.0011092064132298073 0.04245235454270445 0.2542099425229404 0.37299586568518706 0.3292326308359383 
0.004208149440624038 0.09699271271682233 0.3022682951862876 0.34209175818536386 0.2544390844709022 
0.007317452903627588 0.15117546317919975 0.2642067569671493 0.26327261404328195 0.3140277129067414 
</TABLE>
</DEFINITION>
<DEFINITION>
<FOR>pixel16</FOR>
<GIVEN>emotion</GIVEN>
<TABLE>
0.0824572514249525 0.2435718809373021 0.22153261557948067 0.20202659911336288 0.25041165294490186 
0.0338389731621937 0.20186697782963828 0.21820303383897316 0.18319719953325556 0.3628938156359393 
0.07205793602896801 0.21375980687990345 0.23089921544960773 0.18865419432709715 0.2946288473144237 
0.02992675270317405 0.14837809557028253 0.2083711196372515 0.22078828043250784 0.3925357516567841 
0.03599878995664011 0.22012705455278814 0.2481597257235051 0.20923666431380458 0.2864777654532621 
0.07872318587703993 0.27537719388278764 0.24704916350200143 0.17314995381299395 0.22570050292517704 
0.13903160516892418 0.2561108516269656 0.1791997508952203 0.13654055737194457 0.28911723493694536 
</TABLE>
</DEFINITION>
<DEFINITION>
<FOR>pixel17</FOR>
<GIVEN>emotion</GIVEN>
<TABLE>
0.10273625538383582 0.09842918672409424 0.327717253610337 0.471117304281733 
0.05724299065420561 0.07126168224299065 0.3002336448598131 0.5712616822429907 
0.10200386286817963 0.08582810236600676 0.3125301786576533 0.4996378561081603 
0.037463373796567605 0.04974187247104786 0.27089437700572067 0.6419003767266639 
0.05435659540137152 0.08824122630092779 0.3220048406615571 0.5353973376361436 
0.11732703756928763 0.11219462122767399 0.33124615068774377 0.4392321905152946 
0.1736219246340704 0.0864216754905014 0.27078791653690437 0.46916848333852385 
</TABLE>
</DEFINITION>
<DEFINITION>
<FOR>pixel18</FOR>
<GIVEN>emotion</GIVEN>
<TABLE>
0.07005320496579681 0.20129212059792248 0.3413985305295161 0.3872561439067646 
0.04789719626168224 0.12967289719626168 0.3516355140186916 0.47079439252336447 
0.07134234669241912 0.17105263157894737 0.3506760019314341 0.4069290197971994 
0.022533835635551835 0.1133668201479001 0.32321752476628995 0.5408818194502582 
0.033582089552238806 0.16831383622428397 0.35689794271883823 0.44120613150463894 
0.0791418599876822 0.2129952781769657 0.3552658591664956 0.3525970026688565 
0.1322018062908751 0.18514481469947058 0.28978511367175336 0.392868265337901 
</TABLE>
</DEFINITION>
<DEFINITION>
<FOR>pixel19</FOR>
<GIVEN>emotion</GIVEN>
<TABLE>
0.13085888016214847 0.27552571573346846 0.289967063592602 0.3036483405117811 
0.05023364485981308 0.2605140186915888 0.3119158878504673 0.3773364485981308 
0.10852245292129406 0.23792853693867697 0.31204732013520037 0.3415016900048286 
0.05350913910980885 0.18787498255895074 0.3014510952978931 0.4571647830333473 
0.06343283582089553 0.2762202501008471 0.30425574828559904 0.3560911657926583 
0.13416136316978033 0.29901457606241016 0.2873126668035311 0.2795113939642784 
0.18545624416069761 0.24711927748364995 0.23123637496107133 0.3361881033945811 
</TABLE>
</DEFINITION>
<DEFINITION>
<FOR>pixel20</FOR>
<GIVEN>emotion</GIVEN>
<TABLE>
0.08526542506017991 0.28316229570505513 0.631572279234765 
0.03391812865497076 0.28654970760233917 0.6795321637426901 
0.07159241820596403 0.2826270674876253 0.6457805143064107 
0.07849019744645225 0.32547268541128865 0.5960371171422592 
0.11447302067574382 0.37367624810892586 0.5118507312153303 
0.10707319577045478 0.28754747972487427 0.605379324504671 
0.05653325027254322 0.2702071328453512 0.6732596168821056 
</TABLE>
</DEFINITION>
<DEFINITION>
<FOR>pixel21</FOR>
<GIVEN>emotion</GIVEN>
<TABLE>
0.19799847985812008 0.4313402584241196 0.3408918165695465 0.029769445148213832 
0.2044392523364486 0.4544392523364486 0.32593457943925236 0.015186915887850467 
0.19374698213423466 0.3839932399806857 0.3938918396909705 0.028367938194109127 
0.21857122924515138 0.4281428770754849 0.33256592716617833 0.020719966513185435 
0.28771682129891085 0.4383824122630093 0.2556474384832594 0.018253327954820493 
0.23126668035311024 0.4102853623485937 0.346027509751591 0.012420447546704988 
0.1524447212706322 0.4087511678604796 0.39473684210526316 0.04406726876362504 
</TABLE>
</DEFINITION>
<DEFINITION>
<FOR>pixel22</FOR>
<GIVEN>emotion</GIVEN>
<TABLE>
0.46332193082478146 0.5134929684530597 0.023185100722158875 
0.3871345029239766 0.6116959064327485 0.0011695906432748538 
0.42870940480502234 0.5397802728480019 0.03151032234697573 
0.4771506314100328 0.49891857950184887 0.02393078908811833 
0.5713565305093293 0.4115985879979829 0.017044881492687847 
0.4694589877835951 0.5164767477671697 0.01406426444923519 
0.427503504127083 0.5259305404142657 0.046565955458651304 
</TABLE>
</DEFINITION>
<DEFINITION>
<FOR>pixel23</FOR>
<GIVEN>emotion</GIVEN>
<TABLE>
0.07561747941735275 0.3114629512349588 0.3578214059531349 0.2070930968967701 0.048005066497783404 
0.073512252042007 0.39789964994165694 0.3045507584597433 0.20420070011668612 0.019836639439906652 
0.06698853349426674 0.28545564272782137 0.3491852745926373 0.24900422450211226 0.04936632468316234 
0.06117893268224625 0.3413324032089292 0.3586327171259156 0.20516219044297174 0.03369375653993722 
0.09549258848442069 0.4078854492285974 0.30926691539780177 0.1576081476252899 0.02974689926389029 
0.10068767320127271 0.31027404290259675 0.3537924663861234 0.21133121215231448 0.023914605357692704 
0.04468316985832166 0.27790751985053713 0.3361357621049354 0.2670091857387514 0.07426436244745446 
</TABLE>
</DEFINITION>
<DEFINITION>
<FOR>pixel24</FOR>
<GIVEN>emotion</GIVEN>
<TABLE>
0.21218647073726882 0.4455282493032683 0.283633139092982 0.05865214086648087 
0.2488317757009346 0.4824766355140187 0.2324766355140187 0.036214953271028034 
0.19736842105263158 0.4119990342829551 0.3253259295026557 0.0653066151617576 
0.21438537742430586 0.4598158225198828 0.286242500348821 0.03955629970699037 
0.3000201694231545 0.4472569584509883 0.21228317870108915 0.04043969342476805 
0.2536440156025457 0.4312256210223773 0.28649148018887294 0.028638883186204066 
0.14777327935222673 0.4059483027094363 0.3523824353783868 0.09389598255995017 
</TABLE>
</DEFINITION>
<DEFINITION>
<FOR>pixel25</FOR>
<GIVEN>emotion</GIVEN>
<TABLE>
0.11996453002280213 0.3738282239675703 0.26589815049404614 0.24030909551558147 
0.052570093457943924 0.35864485981308414 0.21845794392523366 0.3703271028037383 
0.09838242394978271 0.34536455818445194 0.27003862868179623 0.2862143891839691 
0.08713548207060137 0.35335565787637785 0.2851262731965955 0.2743825868564253 
0.11506655909640984 0.3718233158531666 0.2616982654296087 0.25141185962081486 
0.18055840689796757 0.42958324779306095 0.2265448573188257 0.16331348799014575 
0.042198691996262847 0.2116163189037683 0.28978511367175336 0.45639987542821553 
</TABLE>
</DEFINITION>
<DEFINITION>
<FOR>pixel26</FOR>
<GIVEN>emotion</GIVEN>
<TABLE>
0.18837091461869773 0.2866734228527996 0.2980744869521155 0.22688117557638712 
0.13901869158878505 0.22546728971962618 0.25350467289719625 0.3820093457943925 
0.16984548527281507 0.2475857073877354 0.29225012071463063 0.2903186866248189 
0.1619227012697084 0.25931352030138133 0.3151248779126552 0.26363890051625505 
0.2007866075030254 0.27137958854376765 0.2818676885841065 0.24596611536910046 
0.2858755902278793 0.29839868610141657 0.2546704988708684 0.16105522479983575 
0.07303020865773902 0.16957334163811896 0.3196823419495484 0.4377141077545936 
</TABLE>
</DEFINITION>
<DEFINITION>
<FOR>pixel27</FOR>
<GIVEN>emotion</GIVEN>
<TABLE>
0.22004053711679758 0.26589815049404614 0.2876868507727388 0.22637446161641753 
0.1927570093457944 0.20677570093457945 0.22780373831775702 0.3726635514018692 
0.20050700144857556 0.22658136166103332 0.27414292612264607 0.298768710767745 
0.18885168131714805 0.243965396958281 0.2837309892563137 0.2834519324682573 
0.24213392496974587 0.240722065348931 0.25484066155707946 0.26230334812424366 
0.3353520837610347 0.26041880517347565 0.23578320673373024 0.1684459043317594 
0.1029274369355341 0.16832762379321084 0.2950794145126129 0.4336655247586422 
</TABLE>
</DEFINITION>
<DEFINITION>
<FOR>pixel28</FOR>
<GIVEN>emotion</GIVEN>
<TABLE>
0.2281479604763111 0.360400304028376 0.19343805421839372 0.21801368127691917 
0.15537383177570094 0.3119158878504673 0.16238317757009346 0.3703271028037383 
0.20123128923225495 0.3101158860453887 0.2065427329792371 0.28211009174311924 
0.1919213059857681 0.3279614901632482 0.20545556020650202 0.27466164364448165 
0.24576442113755548 0.3145421540943929 0.18787817668414683 0.2518152480839048 
0.33329911722438926 0.33843153356600286 0.1635187846438103 0.16475056456579756 
0.1038617253192152 0.2542821550918717 0.23528495795702273 0.4065711616318904 
</TABLE>
</DEFINITION>
<DEFINITION>
<FOR>pixel29</FOR>
<GIVEN>emotion</GIVEN>
<TABLE>
0.29351406131238916 0.27577907271345325 0.24436280719533823 0.18634405877881935 
0.20677570093457945 0.2675233644859813 0.2324766355140187 0.2932242990654206 
0.25724287783679384 0.2555528730082086 0.2560357315306615 0.23116851762433607 
0.24563973768661923 0.28401004604437 0.27089437700572067 0.19945583926329008 
0.313735377168213 0.259076240419524 0.24233561920129085 0.18485276321097216 
0.38400739067953193 0.2949086429891193 0.19410798603982754 0.12697598029152124 
0.111647461849891 0.20414201183431951 0.28013080037371535 0.40407972594207414 
</TABLE>
</DEFINITION>
<DEFINITION>
<FOR>pixel30</FOR>
<GIVEN>emotion</GIVEN>
<TABLE>
0.07587080430652311 0.15870804306523115 0.46573780873970866 0.22811906269791007 0.07156428119062698 
0.03617269544924154 0.14352392065344224 0.4469078179696616 0.25787631271878647 0.11551925320886815 
0.046228123114061555 0.115992757996379 0.4302957151478576 0.29149064574532285 0.115992757996379 
0.044576212068364145 0.17195674921520754 0.48782699686083014 0.2319497732821765 0.0636902685734217 
0.04184733286276091 0.13381062821417766 0.4183724916809519 0.27175557124130284 0.1342139760008067 
0.07584932772246741 0.17951349686954737 0.43426049471415373 0.22344247151801294 0.08693420917581854 
0.012299548497586797 0.05184493227463802 0.33706990502880274 0.395298147283201 0.20348746691577144 
</TABLE>
</DEFINITION>
<DEFINITION>
<FOR>pixel31</FOR>
<GIVEN>emotion</GIVEN>
<TABLE>
0.09132362254591514 0.2012666244458518 0.2977834072197593 0.19518682710576313 0.21443951868271058 
0.052508751458576426 0.19019836639439908 0.26254375729288215 0.17852975495915985 0.3162193698949825 
0.06022933011466506 0.1415811707905854 0.2700060350030175 0.21086300543150271 0.31732045866022934 
0.058946634112312525 0.1986048133937914 0.2986396930589466 0.20558074642483432 0.2382281130101151 
0.06040133104769588 0.1747504285570233 0.2600584854290612 0.19007764444892608 0.31471211051729353 
0.09760853946423073 0.21625782613158165 0.2837934927640357 0.18033459919942524 0.22200554244072668 
0.015413358243811303 0.0708391717266075 0.19570294255021017 0.22590689708858788 0.4921376303907831 
</TABLE>
</DEFINITION>
<DEFINITION>
<FOR>pixel32</FOR>
<GIVEN>emotion</GIVEN>
<TABLE>
0.29579427413225234 0.42171269318469723 0.17367620977957943 0.10881682290347099 
0.2161214953271028 0.4871495327102804 0.16238317757009346 0.13434579439252337 
0.19157411878319652 0.415620473201352 0.21450989859971029 0.17829550941574118 
0.23168689828380076 0.45297893121250177 0.18243337519185154 0.13290079531184595 
0.22478822105687776 0.38594191206131506 0.18767648245260185 0.20159338442920532 
0.2832067337302402 0.41172243892424554 0.17049887086840484 0.13457195647710943 
0.08797882279663656 0.324976642790408 0.25615073185923387 0.3308938025537216 
</TABLE>
</DEFINITION>
<DEFINITION>
<FOR>pixel33</FOR>
<GIVEN>emotion</GIVEN>
<TABLE>
0.2494299467950342 0.2544970863947302 0.29579427413225234 0.2002786926779833 
0.1647196261682243 0.21378504672897197 0.3352803738317757 0.286214953271028 
0.20605987445678417 0.23672139063254466 0.2917672621921777 0.2654514727184935 
0.2011301799916283 0.2676852239430724 0.31038091251569694 0.22080368354960234 
0.268555869302138 0.24939491730536506 0.27238805970149255 0.20966115369100444 
0.3158489016629029 0.28012728392527203 0.2437897762266475 0.1602340381851776 
0.08579881656804733 0.16334475241357832 0.3131423232637808 0.4377141077545936 
</TABLE>
</DEFINITION>
<DEFINITION>
<FOR>pixel34</FOR>
<GIVEN>emotion</GIVEN>
<TABLE>
0.29351406131238916 0.27577907271345325 0.24436280719533823 0.18634405877881935 
0.20677570093457945 0.2675233644859813 0.2324766355140187 0.2932242990654206 
0.25724287783679384 0.2555528730082086 0.2560357315306615 0.23116851762433607 
0.24563973768661923 0.28401004604437 0.27089437700572067 0.19945583926329008 
0.313735377168213 0.259076240419524 0.24233561920129085 0.18485276321097216 
0.38400739067953193 0.2949086429891193 0.19410798603982754 0.12697598029152124 
0.111647461849891 0.20414201183431951 0.28013080037371535 0.40407972594207414 
</TABLE>
</DEFINITION>
</NETWORK>
</BIF>
