<?xml version="1.0"?>
<!-- DTD for the XMLBIF 0.3 format -->
<!DOCTYPE BIF [
	<!ELEMENT BIF ( NETWORK )*>
	      <!ATTLIST BIF VERSION CDATA #REQUIRED>
	<!ELEMENT NETWORK ( NAME, ( PROPERTY | VARIABLE | DEFINITION )* )>
	<!ELEMENT NAME (#PCDATA)>
	<!ELEMENT VARIABLE ( NAME, ( OUTCOME |  PROPERTY )* ) >
	      <!ATTLIST VARIABLE TYPE (nature|decision|utility) "nature">
	<!ELEMENT OUTCOME (#PCDATA)>
	<!ELEMENT DEFINITION ( FOR | GIVEN | TABLE | PROPERTY )* >
	<!ELEMENT FOR (#PCDATA)>
	<!ELEMENT GIVEN (#PCDATA)>
	<!ELEMENT TABLE (#PCDATA)>
	<!ELEMENT PROPERTY (#PCDATA)>
]>


<BIF VERSION="0.3">
<NETWORK>
<NAME>faces-weka.filters.supervised.attribute.Discretize-Rfirst-last-precision6-weka.filters.unsupervised.attribute.ReplaceMissingValues</NAME>
<VARIABLE TYPE="nature">
<NAME>emotion</NAME>
<OUTCOME>angry</OUTCOME>
<OUTCOME>disgust</OUTCOME>
<OUTCOME>fear</OUTCOME>
<OUTCOME>happy</OUTCOME>
<OUTCOME>neutral</OUTCOME>
<OUTCOME>sad</OUTCOME>
<OUTCOME>surprise</OUTCOME>
</VARIABLE>
<VARIABLE TYPE="nature">
<NAME>pixel0</NAME>
<OUTCOME>&apos;\&apos;(-inf-0.448039]\&apos;&apos;</OUTCOME>
<OUTCOME>&apos;\&apos;(0.448039-0.688235]\&apos;&apos;</OUTCOME>
<OUTCOME>&apos;\&apos;(0.688235-0.789216]\&apos;&apos;</OUTCOME>
<OUTCOME>&apos;\&apos;(0.789216-inf)\&apos;&apos;</OUTCOME>
</VARIABLE>
<VARIABLE TYPE="nature">
<NAME>pixel1</NAME>
<OUTCOME>&apos;\&apos;(-inf-0.295588]\&apos;&apos;</OUTCOME>
<OUTCOME>&apos;\&apos;(0.295588-0.52451]\&apos;&apos;</OUTCOME>
<OUTCOME>&apos;\&apos;(0.52451-0.620098]\&apos;&apos;</OUTCOME>
<OUTCOME>&apos;\&apos;(0.620098-0.762745]\&apos;&apos;</OUTCOME>
<OUTCOME>&apos;\&apos;(0.762745-inf)\&apos;&apos;</OUTCOME>
</VARIABLE>
<VARIABLE TYPE="nature">
<NAME>pixel2</NAME>
<OUTCOME>&apos;\&apos;(-inf-0.152451]\&apos;&apos;</OUTCOME>
<OUTCOME>&apos;\&apos;(0.152451-0.40098]\&apos;&apos;</OUTCOME>
<OUTCOME>&apos;\&apos;(0.40098-0.657353]\&apos;&apos;</OUTCOME>
<OUTCOME>&apos;\&apos;(0.657353-0.768627]\&apos;&apos;</OUTCOME>
<OUTCOME>&apos;\&apos;(0.768627-inf)\&apos;&apos;</OUTCOME>
</VARIABLE>
<VARIABLE TYPE="nature">
<NAME>pixel3</NAME>
<OUTCOME>&apos;\&apos;(-inf-0.429412]\&apos;&apos;</OUTCOME>
<OUTCOME>&apos;\&apos;(0.429412-0.648529]\&apos;&apos;</OUTCOME>
<OUTCOME>&apos;\&apos;(0.648529-0.788235]\&apos;&apos;</OUTCOME>
<OUTCOME>&apos;\&apos;(0.788235-inf)\&apos;&apos;</OUTCOME>
</VARIABLE>
<VARIABLE TYPE="nature">
<NAME>pixel4</NAME>
<OUTCOME>&apos;\&apos;(-inf-0.408824]\&apos;&apos;</OUTCOME>
<OUTCOME>&apos;\&apos;(0.408824-0.705392]\&apos;&apos;</OUTCOME>
<OUTCOME>&apos;\&apos;(0.705392-0.794118]\&apos;&apos;</OUTCOME>
<OUTCOME>&apos;\&apos;(0.794118-inf)\&apos;&apos;</OUTCOME>
</VARIABLE>
<VARIABLE TYPE="nature">
<NAME>pixel5</NAME>
<OUTCOME>&apos;\&apos;(-inf-0.493627]\&apos;&apos;</OUTCOME>
<OUTCOME>&apos;\&apos;(0.493627-0.669608]\&apos;&apos;</OUTCOME>
<OUTCOME>&apos;\&apos;(0.669608-inf)\&apos;&apos;</OUTCOME>
</VARIABLE>
<VARIABLE TYPE="nature">
<NAME>pixel6</NAME>
<OUTCOME>&apos;\&apos;(-inf-0.080392]\&apos;&apos;</OUTCOME>
<OUTCOME>&apos;\&apos;(0.080392-0.542647]\&apos;&apos;</OUTCOME>
<OUTCOME>&apos;\&apos;(0.542647-0.663235]\&apos;&apos;</OUTCOME>
<OUTCOME>&apos;\&apos;(0.663235-inf)\&apos;&apos;</OUTCOME>
</VARIABLE>
<VARIABLE TYPE="nature">
<NAME>pixel7</NAME>
<OUTCOME>&apos;\&apos;(-inf-0.50098]\&apos;&apos;</OUTCOME>
<OUTCOME>&apos;\&apos;(0.50098-inf)\&apos;&apos;</OUTCOME>
</VARIABLE>
<VARIABLE TYPE="nature">
<NAME>pixel8</NAME>
<OUTCOME>&apos;\&apos;(-inf-0.181373]\&apos;&apos;</OUTCOME>
<OUTCOME>&apos;\&apos;(0.181373-0.565196]\&apos;&apos;</OUTCOME>
<OUTCOME>&apos;\&apos;(0.565196-inf)\&apos;&apos;</OUTCOME>
</VARIABLE>
<VARIABLE TYPE="nature">
<NAME>pixel9</NAME>
<OUTCOME>&apos;\&apos;(-inf-0.093137]\&apos;&apos;</OUTCOME>
<OUTCOME>&apos;\&apos;(0.093137-0.593137]\&apos;&apos;</OUTCOME>
<OUTCOME>&apos;\&apos;(0.593137-inf)\&apos;&apos;</OUTCOME>
</VARIABLE>
<VARIABLE TYPE="nature">
<NAME>pixel10</NAME>
<OUTCOME>&apos;\&apos;(-inf-0.020098]\&apos;&apos;</OUTCOME>
<OUTCOME>&apos;\&apos;(0.020098-0.435294]\&apos;&apos;</OUTCOME>
<OUTCOME>&apos;\&apos;(0.435294-0.735294]\&apos;&apos;</OUTCOME>
<OUTCOME>&apos;\&apos;(0.735294-0.972059]\&apos;&apos;</OUTCOME>
<OUTCOME>&apos;\&apos;(0.972059-inf)\&apos;&apos;</OUTCOME>
</VARIABLE>
<VARIABLE TYPE="nature">
<NAME>pixel11</NAME>
<OUTCOME>&apos;\&apos;(-inf-0.026961]\&apos;&apos;</OUTCOME>
<OUTCOME>&apos;\&apos;(0.026961-0.676471]\&apos;&apos;</OUTCOME>
<OUTCOME>&apos;\&apos;(0.676471-0.991667]\&apos;&apos;</OUTCOME>
<OUTCOME>&apos;\&apos;(0.991667-inf)\&apos;&apos;</OUTCOME>
</VARIABLE>
<VARIABLE TYPE="nature">
<NAME>pixel12</NAME>
<OUTCOME>&apos;\&apos;(-inf-0.603922]\&apos;&apos;</OUTCOME>
<OUTCOME>&apos;\&apos;(0.603922-0.976471]\&apos;&apos;</OUTCOME>
<OUTCOME>&apos;\&apos;(0.976471-inf)\&apos;&apos;</OUTCOME>
</VARIABLE>
<VARIABLE TYPE="nature">
<NAME>pixel13</NAME>
<OUTCOME>&apos;\&apos;(-inf-0.493137]\&apos;&apos;</OUTCOME>
<OUTCOME>&apos;\&apos;(0.493137-0.675]\&apos;&apos;</OUTCOME>
<OUTCOME>&apos;\&apos;(0.675-0.957353]\&apos;&apos;</OUTCOME>
<OUTCOME>&apos;\&apos;(0.957353-inf)\&apos;&apos;</OUTCOME>
</VARIABLE>
<VARIABLE TYPE="nature">
<NAME>pixel14</NAME>
<OUTCOME>&apos;\&apos;(-inf-0.585294]\&apos;&apos;</OUTCOME>
<OUTCOME>&apos;\&apos;(0.585294-0.985784]\&apos;&apos;</OUTCOME>
<OUTCOME>&apos;\&apos;(0.985784-inf)\&apos;&apos;</OUTCOME>
</VARIABLE>
<VARIABLE TYPE="nature">
<NAME>pixel15</NAME>
<OUTCOME>&apos;\&apos;(-inf-0.016176]\&apos;&apos;</OUTCOME>
<OUTCOME>&apos;\&apos;(0.016176-0.180392]\&apos;&apos;</OUTCOME>
<OUTCOME>&apos;\&apos;(0.180392-0.389216]\&apos;&apos;</OUTCOME>
<OUTCOME>&apos;\&apos;(0.389216-0.587255]\&apos;&apos;</OUTCOME>
<OUTCOME>&apos;\&apos;(0.587255-inf)\&apos;&apos;</OUTCOME>
</VARIABLE>
<VARIABLE TYPE="nature">
<NAME>pixel16</NAME>
<OUTCOME>&apos;\&apos;(-inf-0.161275]\&apos;&apos;</OUTCOME>
<OUTCOME>&apos;\&apos;(0.161275-0.362745]\&apos;&apos;</OUTCOME>
<OUTCOME>&apos;\&apos;(0.362745-0.498039]\&apos;&apos;</OUTCOME>
<OUTCOME>&apos;\&apos;(0.498039-0.606863]\&apos;&apos;</OUTCOME>
<OUTCOME>&apos;\&apos;(0.606863-inf)\&apos;&apos;</OUTCOME>
</VARIABLE>
<VARIABLE TYPE="nature">
<NAME>pixel17</NAME>
<OUTCOME>&apos;\&apos;(-inf-0.194608]\&apos;&apos;</OUTCOME>
<OUTCOME>&apos;\&apos;(0.194608-0.288725]\&apos;&apos;</OUTCOME>
<OUTCOME>&apos;\&apos;(0.288725-0.491667]\&apos;&apos;</OUTCOME>
<OUTCOME>&apos;\&apos;(0.491667-inf)\&apos;&apos;</OUTCOME>
</VARIABLE>
<VARIABLE TYPE="nature">
<NAME>pixel18</NAME>
<OUTCOME>&apos;\&apos;(-inf-0.151961]\&apos;&apos;</OUTCOME>
<OUTCOME>&apos;\&apos;(0.151961-0.334804]\&apos;&apos;</OUTCOME>
<OUTCOME>&apos;\&apos;(0.334804-0.541667]\&apos;&apos;</OUTCOME>
<OUTCOME>&apos;\&apos;(0.541667-inf)\&apos;&apos;</OUTCOME>
</VARIABLE>
<VARIABLE TYPE="nature">
<NAME>pixel19</NAME>
<OUTCOME>&apos;\&apos;(-inf-0.207843]\&apos;&apos;</OUTCOME>
<OUTCOME>&apos;\&apos;(0.207843-0.405392]\&apos;&apos;</OUTCOME>
<OUTCOME>&apos;\&apos;(0.405392-0.571078]\&apos;&apos;</OUTCOME>
<OUTCOME>&apos;\&apos;(0.571078-inf)\&apos;&apos;</OUTCOME>
</VARIABLE>
<VARIABLE TYPE="nature">
<NAME>pixel20</NAME>
<OUTCOME>&apos;\&apos;(-inf-0.090686]\&apos;&apos;</OUTCOME>
<OUTCOME>&apos;\&apos;(0.090686-0.337255]\&apos;&apos;</OUTCOME>
<OUTCOME>&apos;\&apos;(0.337255-inf)\&apos;&apos;</OUTCOME>
</VARIABLE>
<VARIABLE TYPE="nature">
<NAME>pixel21</NAME>
<OUTCOME>&apos;\&apos;(-inf-0.156373]\&apos;&apos;</OUTCOME>
<OUTCOME>&apos;\&apos;(0.156373-0.503431]\&apos;&apos;</OUTCOME>
<OUTCOME>&apos;\&apos;(0.503431-0.991667]\&apos;&apos;</OUTCOME>
<OUTCOME>&apos;\&apos;(0.991667-inf)\&apos;&apos;</OUTCOME>
</VARIABLE>
<VARIABLE TYPE="nature">
<NAME>pixel22</NAME>
<OUTCOME>&apos;\&apos;(-inf-0.355882]\&apos;&apos;</OUTCOME>
<OUTCOME>&apos;\&apos;(0.355882-0.978431]\&apos;&apos;</OUTCOME>
<OUTCOME>&apos;\&apos;(0.978431-inf)\&apos;&apos;</OUTCOME>
</VARIABLE>
<VARIABLE TYPE="nature">
<NAME>pixel23</NAME>
<OUTCOME>&apos;\&apos;(-inf-0.058333]\&apos;&apos;</OUTCOME>
<OUTCOME>&apos;\&apos;(0.058333-0.289706]\&apos;&apos;</OUTCOME>
<OUTCOME>&apos;\&apos;(0.289706-0.634314]\&apos;&apos;</OUTCOME>
<OUTCOME>&apos;\&apos;(0.634314-0.967157]\&apos;&apos;</OUTCOME>
<OUTCOME>&apos;\&apos;(0.967157-inf)\&apos;&apos;</OUTCOME>
</VARIABLE>
<VARIABLE TYPE="nature">
<NAME>pixel24</NAME>
<OUTCOME>&apos;\&apos;(-inf-0.159314]\&apos;&apos;</OUTCOME>
<OUTCOME>&apos;\&apos;(0.159314-0.546569]\&apos;&apos;</OUTCOME>
<OUTCOME>&apos;\&apos;(0.546569-0.960784]\&apos;&apos;</OUTCOME>
<OUTCOME>&apos;\&apos;(0.960784-inf)\&apos;&apos;</OUTCOME>
</VARIABLE>
<VARIABLE TYPE="nature">
<NAME>pixel25</NAME>
<OUTCOME>&apos;\&apos;(-inf-0.328431]\&apos;&apos;</OUTCOME>
<OUTCOME>&apos;\&apos;(0.328431-0.627451]\&apos;&apos;</OUTCOME>
<OUTCOME>&apos;\&apos;(0.627451-0.758824]\&apos;&apos;</OUTCOME>
<OUTCOME>&apos;\&apos;(0.758824-inf)\&apos;&apos;</OUTCOME>
</VARIABLE>
<VARIABLE TYPE="nature">
<NAME>pixel26</NAME>
<OUTCOME>&apos;\&apos;(-inf-0.419608]\&apos;&apos;</OUTCOME>
<OUTCOME>&apos;\&apos;(0.419608-0.614706]\&apos;&apos;</OUTCOME>
<OUTCOME>&apos;\&apos;(0.614706-0.761765]\&apos;&apos;</OUTCOME>
<OUTCOME>&apos;\&apos;(0.761765-inf)\&apos;&apos;</OUTCOME>
</VARIABLE>
<VARIABLE TYPE="nature">
<NAME>pixel27</NAME>
<OUTCOME>&apos;\&apos;(-inf-0.465686]\&apos;&apos;</OUTCOME>
<OUTCOME>&apos;\&apos;(0.465686-0.639216]\&apos;&apos;</OUTCOME>
<OUTCOME>&apos;\&apos;(0.639216-0.772059]\&apos;&apos;</OUTCOME>
<OUTCOME>&apos;\&apos;(0.772059-inf)\&apos;&apos;</OUTCOME>
</VARIABLE>
<VARIABLE TYPE="nature">
<NAME>pixel28</NAME>
<OUTCOME>&apos;\&apos;(-inf-0.466667]\&apos;&apos;</OUTCOME>
<OUTCOME>&apos;\&apos;(0.466667-0.684804]\&apos;&apos;</OUTCOME>
<OUTCOME>&apos;\&apos;(0.684804-0.77598]\&apos;&apos;</OUTCOME>
<OUTCOME>&apos;\&apos;(0.77598-inf)\&apos;&apos;</OUTCOME>
</VARIABLE>
<VARIABLE TYPE="nature">
<NAME>pixel29</NAME>
<OUTCOME>&apos;\&apos;(-inf-0.477451]\&apos;&apos;</OUTCOME>
<OUTCOME>&apos;\&apos;(0.477451-0.644608]\&apos;&apos;</OUTCOME>
<OUTCOME>&apos;\&apos;(0.644608-0.768137]\&apos;&apos;</OUTCOME>
<OUTCOME>&apos;\&apos;(0.768137-inf)\&apos;&apos;</OUTCOME>
</VARIABLE>
<VARIABLE TYPE="nature">
<NAME>pixel30</NAME>
<OUTCOME>&apos;\&apos;(-inf-0.22402]\&apos;&apos;</OUTCOME>
<OUTCOME>&apos;\&apos;(0.22402-0.405882]\&apos;&apos;</OUTCOME>
<OUTCOME>&apos;\&apos;(0.405882-0.676961]\&apos;&apos;</OUTCOME>
<OUTCOME>&apos;\&apos;(0.676961-0.822059]\&apos;&apos;</OUTCOME>
<OUTCOME>&apos;\&apos;(0.822059-inf)\&apos;&apos;</OUTCOME>
</VARIABLE>
<VARIABLE TYPE="nature">
<NAME>pixel31</NAME>
<OUTCOME>&apos;\&apos;(-inf-0.279412]\&apos;&apos;</OUTCOME>
<OUTCOME>&apos;\&apos;(0.279412-0.480882]\&apos;&apos;</OUTCOME>
<OUTCOME>&apos;\&apos;(0.480882-0.648039]\&apos;&apos;</OUTCOME>
<OUTCOME>&apos;\&apos;(0.648039-0.745098]\&apos;&apos;</OUTCOME>
<OUTCOME>&apos;\&apos;(0.745098-inf)\&apos;&apos;</OUTCOME>
</VARIABLE>
<VARIABLE TYPE="nature">
<NAME>pixel32</NAME>
<OUTCOME>&apos;\&apos;(-inf-0.448039]\&apos;&apos;</OUTCOME>
<OUTCOME>&apos;\&apos;(0.448039-0.688235]\&apos;&apos;</OUTCOME>
<OUTCOME>&apos;\&apos;(0.688235-0.789216]\&apos;&apos;</OUTCOME>
<OUTCOME>&apos;\&apos;(0.789216-inf)\&apos;&apos;</OUTCOME>
</VARIABLE>
<VARIABLE TYPE="nature">
<NAME>pixel33</NAME>
<OUTCOME>&apos;\&apos;(-inf-0.428922]\&apos;&apos;</OUTCOME>
<OUTCOME>&apos;\&apos;(0.428922-0.598039]\&apos;&apos;</OUTCOME>
<OUTCOME>&apos;\&apos;(0.598039-0.75]\&apos;&apos;</OUTCOME>
<OUTCOME>&apos;\&apos;(0.75-inf)\&apos;&apos;</OUTCOME>
</VARIABLE>
<VARIABLE TYPE="nature">
<NAME>pixel34</NAME>
<OUTCOME>&apos;\&apos;(-inf-0.477451]\&apos;&apos;</OUTCOME>
<OUTCOME>&apos;\&apos;(0.477451-0.644608]\&apos;&apos;</OUTCOME>
<OUTCOME>&apos;\&apos;(0.644608-0.768137]\&apos;&apos;</OUTCOME>
<OUTCOME>&apos;\&apos;(0.768137-inf)\&apos;&apos;</OUTCOME>
</VARIABLE>
<DEFINITION>
<FOR>emotion</FOR>
<TABLE>
0.13740923259094154 0.014853640273738833 0.14420046319675414 0.24955160464589826 0.17261915127030839 0.16958921761540738 0.11177669040695143 
</TABLE>
</DEFINITION>
<DEFINITION>
<FOR>pixel0</FOR>
<GIVEN>pixel32</GIVEN>
<TABLE>
0.9997688395746648 7.705347511172754E-5 7.705347511172754E-5 7.705347511172754E-5 
4.236570072869005E-5 0.9998729028978139 4.236570072869005E-5 4.236570072869005E-5 
9.036688957166094E-5 9.036688957166094E-5 0.9997288993312851 9.036688957166094E-5 
1.021659174499387E-4 1.021659174499387E-4 1.021659174499387E-4 0.9996935022476502 
</TABLE>
</DEFINITION>
<DEFINITION>
<FOR>pixel1</FOR>
<GIVEN>pixel26</GIVEN>
<GIVEN>pixel19</GIVEN>
<GIVEN>pixel0</GIVEN>
<TABLE>
0.5772994129158513 0.3411611219830398 0.038486627527723416 0.02674494455316373 0.016307893020221786 
0.40047961630695444 0.36211031175059955 0.11270983213429256 0.08393285371702638 0.0407673860911271 
0.22522522522522523 0.44144144144144143 0.11711711711711711 0.13513513513513514 0.08108108108108109 
0.2631578947368421 0.3333333333333333 0.05263157894736842 0.12280701754385964 0.22807017543859648 
0.340007701193685 0.5333076626877166 0.07431651906045438 0.04274162495186754 0.009626492106276472 
0.2142266335814723 0.5153019023986766 0.1315136476426799 0.11827956989247312 0.0206782464846981 
0.1297071129707113 0.4811715481171548 0.1297071129707113 0.20502092050209206 0.05439330543933055 
0.14728682170542637 0.3488372093023256 0.17829457364341086 0.1937984496124031 0.13178294573643412 
0.16548223350253807 0.49441624365482234 0.16751269035532995 0.12284263959390863 0.049746192893401014 
0.10134529147982063 0.4260089686098655 0.24663677130044842 0.18923766816143497 0.036771300448430494 
0.10861423220973783 0.1760299625468165 0.27340823970037453 0.3333333333333333 0.10861423220973783 
0.0847457627118644 0.2994350282485876 0.096045197740113 0.3333333333333333 0.1864406779661017 
0.1288056206088993 0.34894613583138173 0.14285714285714285 0.2505854800936768 0.1288056206088993 
0.056865464632454926 0.22052704576976423 0.217753120665742 0.3509015256588072 0.1539528432732316 
0.04788732394366197 0.1267605633802817 0.13802816901408452 0.36901408450704226 0.3183098591549296 
0.07348242811501597 0.14376996805111822 0.07348242811501597 0.2715654952076677 0.43769968051118213 
0.25467625899280577 0.49928057553956834 0.11079136690647481 0.1079136690647482 0.027338129496402876 
0.17004680187207488 0.42589703588143524 0.1981279251170047 0.17628705148205928 0.029641185647425898 
0.22875816993464052 0.38562091503267976 0.1503267973856209 0.17647058823529413 0.058823529411764705 
0.2982456140350877 0.3333333333333333 0.12280701754385964 0.12280701754385964 0.12280701754385964 
0.1562323745064862 0.601804850535815 0.14156796390298929 0.07614213197969544 0.024252679075014102 
0.07764338665626219 0.5458447132266875 0.2298088177916504 0.1314865392118611 0.015216543113538821 
0.08051948051948052 0.41818181818181815 0.2 0.21558441558441557 0.08571428571428572 
0.15789473684210525 0.2631578947368421 0.14832535885167464 0.2535885167464115 0.17703349282296652 
0.0640176600441501 0.506990434142752 0.2582781456953642 0.13760117733627666 0.033112582781456956 
0.0342488979315022 0.40183112919633773 0.3136656493726687 0.21668362156663276 0.0335707019328586 
0.03350970017636684 0.30511463844797176 0.24514991181657847 0.32275132275132273 0.09347442680776014 
0.06912442396313365 0.2534562211981567 0.16129032258064516 0.22580645161290322 0.2903225806451613 
0.04748201438848921 0.3381294964028777 0.22877697841726619 0.2517985611510791 0.13381294964028778 
0.04445761707172496 0.21280379371665678 0.2732661529342027 0.3396561944279787 0.12981624184943688 
0.021848739495798318 0.1361344537815126 0.16302521008403362 0.4218487394957983 0.2571428571428571 
0.025056947608200455 0.05694760820045558 0.08428246013667426 0.2984054669703872 0.5353075170842825 
0.16587677725118483 0.4028436018957346 0.11848341232227488 0.22274881516587677 0.09004739336492891 
0.11323763955342903 0.291866028708134 0.2503987240829346 0.266347687400319 0.07814992025518341 
0.13015873015873017 0.18095238095238095 0.16825396825396827 0.346031746031746 0.1746031746031746 
0.09433962264150944 0.27044025157232704 0.15723270440251572 0.22012578616352202 0.2578616352201258 
0.07099391480730223 0.38336713995943206 0.20892494929006086 0.23732251521298176 0.09939148073022312 
0.05403899721448468 0.27019498607242337 0.3080779944289694 0.30473537604456824 0.06295264623955432 
0.04817518248175182 0.19708029197080293 0.2 0.4510948905109489 0.10364963503649635 
0.08635097493036212 0.21448467966573817 0.14206128133704735 0.30362116991643456 0.25348189415041783 
0.057902973395931145 0.352112676056338 0.2269170579029734 0.27699530516431925 0.08607198748043818 
0.02289584005159626 0.2073524669461464 0.308610125765882 0.39374395356336667 0.06739761367300871 
0.01749475157452764 0.15465360391882435 0.20223932820153953 0.47795661301609516 0.14765570328901328 
0.023853211009174313 0.1706422018348624 0.1779816513761468 0.3577981651376147 0.26972477064220185 
0.033093525179856115 0.22014388489208633 0.17697841726618704 0.33237410071942447 0.23741007194244604 
0.01468189233278956 0.12039151712887439 0.22218597063621534 0.4760195758564437 0.166721044045677 
0.008156606851549755 0.09733550842849374 0.12561174551386622 0.533442088091354 0.23545405111473627 
0.022035676810073453 0.10598111227701994 0.07240293809024134 0.33683105981112277 0.4627492130115425 
0.21904761904761905 0.14285714285714285 0.06666666666666667 0.3142857142857143 0.2571428571428571 
0.10679611650485436 0.13915857605177995 0.11326860841423948 0.4110032362459547 0.2297734627831715 
0.04568527918781726 0.09644670050761421 0.09644670050761421 0.4010152284263959 0.3604060913705584 
0.0647887323943662 0.08732394366197183 0.09295774647887324 0.16619718309859155 0.5887323943661972 
0.15254237288135594 0.23163841807909605 0.12994350282485875 0.23163841807909605 0.2542372881355932 
0.05242718446601942 0.1262135922330097 0.23106796116504855 0.3048543689320388 0.2854368932038835 
0.019955654101995565 0.07317073170731707 0.1130820399113082 0.4811529933481153 0.31263858093126384 
0.04654088050314465 0.11949685534591195 0.08176100628930817 0.25534591194968553 0.4968553459119497 
0.05726872246696035 0.2422907488986784 0.11013215859030837 0.29515418502202645 0.29515418502202645 
0.022364217252396165 0.09904153354632587 0.19914802981895632 0.4483493077742279 0.23109691160809373 
0.01253616200578592 0.08775313404050145 0.09546769527483125 0.446480231436837 0.35776277724204436 
0.013250194855806703 0.0646921278254092 0.060015588464536244 0.2969602494154326 0.5650818394388153 
0.05191873589164785 0.10609480812641084 0.0835214446952596 0.255079006772009 0.5033860045146726 
0.013320177602368031 0.06561420818944252 0.12777503700049334 0.3764183522446966 0.4168722249629995 
0.007548669050456893 0.04648390941597139 0.0687326181962654 0.3913388955105284 0.4858959078267779 
0.006549646319098768 0.03694000523971706 0.04584752423369138 0.24128897039559863 0.6693738538118942 
</TABLE>
</DEFINITION>
<DEFINITION>
<FOR>pixel2</FOR>
<GIVEN>pixel0</GIVEN>
<GIVEN>pixel3</GIVEN>
<GIVEN>pixel4</GIVEN>
<TABLE>
0.1332836932241251 0.6896500372300819 0.16872673119880863 0.006403574087862993 0.00193596425912137 
0.03739105988192297 0.5153219004779308 0.41973573235872924 0.019398369412426203 0.008152937868990722 
0.03896103896103896 0.35064935064935066 0.5064935064935064 0.06493506493506493 0.03896103896103896 
0.18518518518518517 0.4074074074074074 0.18518518518518517 0.1111111111111111 0.1111111111111111 
0.04994192799070848 0.454123112659698 0.4610917537746806 0.024390243902439025 0.010452961672473868 
0.022433718558803536 0.29979605710401086 0.6152277362338545 0.04962610469068661 0.01291638341264446 
0.018867924528301886 0.39622641509433965 0.4339622641509434 0.1320754716981132 0.018867924528301886 
0.04 0.12 0.52 0.2 0.12 
0.1232876712328767 0.4794520547945205 0.2876712328767123 0.0958904109589041 0.0136986301369863 
0.07368421052631578 0.28421052631578947 0.45263157894736844 0.1368421052631579 0.05263157894736842 
0.07692307692307693 0.23076923076923078 0.38461538461538464 0.23076923076923078 0.07692307692307693 
0.05263157894736842 0.15789473684210525 0.5789473684210527 0.15789473684210525 0.05263157894736842 
0.12 0.44 0.36 0.04 0.04 
0.034482758620689655 0.3793103448275862 0.3793103448275862 0.10344827586206896 0.10344827586206896 
0.1111111111111111 0.1111111111111111 0.5555555555555556 0.1111111111111111 0.1111111111111111 
0.2 0.2 0.2 0.2 0.2 
0.0273224043715847 0.21311475409836064 0.6502732240437158 0.08196721311475409 0.0273224043715847 
0.011378002528445006 0.26000842815002106 0.6342182890855457 0.08301727770754319 0.011378002528445006 
0.015015015015015015 0.23723723723723725 0.5255255255255256 0.14114114114114115 0.08108108108108109 
0.06870229007633588 0.20610687022900764 0.45038167938931295 0.1450381679389313 0.1297709923664122 
0.005870841487279843 0.2054794520547945 0.6908023483365949 0.07240704500978473 0.025440313111545987 
0.0012715984740818312 0.08175630189243772 0.7901114518662578 0.1134714638342434 0.01338918393297928 
0.001651073197578426 0.040176114474408366 0.6378646119977985 0.2746285085305449 0.04567969179966978 
0.003194888178913738 0.07348242811501597 0.5335463258785943 0.24600638977635783 0.14376996805111822 
0.019867549668874173 0.12582781456953643 0.4966887417218543 0.23178807947019867 0.12582781456953643 
0.0016750418760469012 0.05058626465661641 0.5403685092127303 0.3507537688442211 0.05661641541038526 
9.891196834817012E-4 0.028684470820969338 0.410484668644906 0.4638971315529179 0.09594460929772503 
0.005128205128205128 0.02564102564102564 0.3435897435897436 0.37435897435897436 0.2512820512820513 
0.034482758620689655 0.2413793103448276 0.3103448275862069 0.2413793103448276 0.1724137931034483 
0.006896551724137931 0.1310344827586207 0.33793103448275863 0.18620689655172415 0.33793103448275863 
0.013333333333333334 0.09333333333333334 0.36 0.28 0.25333333333333335 
0.01694915254237288 0.0847457627118644 0.288135593220339 0.423728813559322 0.1864406779661017 
0.07692307692307693 0.07692307692307693 0.23076923076923078 0.23076923076923078 0.38461538461538464 
0.015384615384615385 0.07692307692307693 0.35384615384615387 0.4461538461538462 0.1076923076923077 
0.013333333333333334 0.09333333333333334 0.30666666666666664 0.38666666666666666 0.2 
0.015384615384615385 0.13846153846153847 0.35384615384615387 0.26153846153846155 0.23076923076923078 
0.05263157894736842 0.15789473684210525 0.15789473684210525 0.47368421052631576 0.15789473684210525 
0.006423982869379015 0.027837259100642397 0.42184154175588867 0.4346895074946467 0.10920770877944326 
0.0029615004935834156 0.02665350444225074 0.49654491609081935 0.3464955577492596 0.12734452122408688 
0.002028397565922921 0.02231237322515213 0.44016227180527384 0.3509127789046653 0.1845841784989858 
0.04 0.04 0.36 0.52 0.04 
6.333122229259025E-4 0.015832805573147563 0.31982267257758074 0.5516149461684611 0.11209626345788473 
2.1867483052700635E-4 0.009840367373715285 0.24032363874917997 0.5722720314891756 0.17734528755740214 
6.169031462060457E-4 0.012954966070326958 0.1782850092535472 0.5077112893275756 0.3004318322023442 
0.04 0.04 0.2 0.2 0.52 
0.0033222591362126247 0.016611295681063124 0.1893687707641196 0.3554817275747508 0.43521594684385384 
0.0020876826722338203 0.018789144050104383 0.1649269311064718 0.4488517745302714 0.3653444676409186 
0.00911854103343465 0.00911854103343465 0.10638297872340426 0.3799392097264438 0.49544072948328266 
0.14285714285714285 0.14285714285714285 0.14285714285714285 0.14285714285714285 0.42857142857142855 
0.05263157894736842 0.05263157894736842 0.05263157894736842 0.2631578947368421 0.5789473684210527 
0.047619047619047616 0.047619047619047616 0.23809523809523808 0.3333333333333333 0.3333333333333333 
0.02857142857142857 0.08571428571428572 0.08571428571428572 0.2 0.6 
0.14285714285714285 0.14285714285714285 0.14285714285714285 0.14285714285714285 0.42857142857142855 
0.02127659574468085 0.02127659574468085 0.10638297872340426 0.2765957446808511 0.574468085106383 
0.014925373134328358 0.04477611940298507 0.19402985074626866 0.373134328358209 0.373134328358209 
0.0035587188612099642 0.03202846975088968 0.21708185053380782 0.33807829181494664 0.4092526690391459 
0.14285714285714285 0.14285714285714285 0.14285714285714285 0.14285714285714285 0.42857142857142855 
0.012345679012345678 0.037037037037037035 0.13580246913580246 0.30864197530864196 0.5061728395061729 
0.0021321961620469083 0.010660980810234541 0.11300639658848614 0.44562899786780386 0.42857142857142855 
0.0014278914802475012 0.0033317467872441696 0.09186101856258924 0.3622084721561161 0.5411708710138029 
0.03225806451612903 0.03225806451612903 0.0967741935483871 0.2903225806451613 0.5483870967741935 
0.004975124378109453 0.004975124378109453 0.07462686567164178 0.2736318407960199 0.6417910447761194 
0.0013175230566534915 0.006587615283267457 0.10144927536231885 0.2727272727272727 0.6179183135704874 
1.7448961786773688E-4 0.0033153027394870007 0.03611935089862153 0.14639678939103123 0.8139940673529925 
</TABLE>
</DEFINITION>
<DEFINITION>
<FOR>pixel3</FOR>
<GIVEN>pixel0</GIVEN>
<GIVEN>pixel30</GIVEN>
<GIVEN>pixel31</GIVEN>
<TABLE>
0.9754335260115607 0.02167630057803468 0.001445086705202312 0.001445086705202312 
0.9051282051282051 0.07435897435897436 0.017948717948717947 0.002564102564102564 
0.8529411764705882 0.08823529411764706 0.029411764705882353 0.029411764705882353 
0.5 0.16666666666666666 0.16666666666666666 0.16666666666666666 
0.5 0.16666666666666666 0.16666666666666666 0.16666666666666666 
0.9158496732026143 0.07598039215686274 0.005718954248366013 0.0024509803921568627 
0.9076332429990966 0.08965672990063234 0.0020325203252032522 6.775067750677507E-4 
0.747148288973384 0.2338403041825095 0.013307984790874524 0.005703422053231939 
0.45 0.35 0.15 0.05 
0.16666666666666666 0.5 0.16666666666666666 0.16666666666666666 
0.4876543209876543 0.46296296296296297 0.043209876543209874 0.006172839506172839 
0.5835084033613446 0.3944327731092437 0.019432773109243698 0.0026260504201680674 
0.5913793103448276 0.38448275862068965 0.021264367816091954 0.0028735632183908046 
0.5159574468085106 0.3776595744680851 0.06914893617021277 0.03723404255319149 
0.20588235294117646 0.5588235294117647 0.20588235294117646 0.029411764705882353 
0.125 0.375 0.375 0.125 
0.2777777777777778 0.42592592592592593 0.2037037037037037 0.09259259259259259 
0.25 0.5131578947368421 0.14473684210526316 0.09210526315789473 
0.2361111111111111 0.4861111111111111 0.2638888888888889 0.013888888888888888 
0.6875 0.1875 0.0625 0.0625 
0.16666666666666666 0.16666666666666666 0.16666666666666666 0.5 
0.5 0.1 0.3 0.1 
0.0625 0.6875 0.0625 0.1875 
0.21428571428571427 0.07142857142857142 0.35714285714285715 0.35714285714285715 
0.2692307692307692 0.19230769230769232 0.2692307692307692 0.2692307692307692 
0.6111111111111112 0.3253968253968254 0.05555555555555555 0.007936507936507936 
0.5703125 0.3671875 0.0078125 0.0546875 
0.796875 0.171875 0.015625 0.015625 
0.6428571428571429 0.21428571428571427 0.07142857142857142 0.07142857142857142 
0.7 0.1 0.1 0.1 
0.4019607843137255 0.5 0.029411764705882353 0.06862745098039216 
0.4491525423728814 0.5056497175141242 0.04048964218455744 0.004708097928436911 
0.5778985507246377 0.375 0.04528985507246377 0.0018115942028985507 
0.46774193548387094 0.46774193548387094 0.04838709677419355 0.016129032258064516 
0.4230769230769231 0.34615384615384615 0.19230769230769232 0.038461538461538464 
0.2391304347826087 0.41304347826086957 0.2391304347826087 0.10869565217391304 
0.14540540540540542 0.778918918918919 0.06756756756756757 0.008108108108108109 
0.09796554252199413 0.7944464809384164 0.10529692082111437 0.0022910557184750734 
0.0809024612579763 0.6829990884229717 0.22903372835004557 0.007064721969006381 
0.15145228215767634 0.6203319502074689 0.2012448132780083 0.026970954356846474 
0.5 0.16666666666666666 0.16666666666666666 0.16666666666666666 
0.06 0.3 0.5 0.14 
0.026881720430107527 0.35304659498207885 0.553763440860215 0.06630824372759857 
0.043229166666666666 0.4421875 0.4973958333333333 0.0171875 
0.03185328185328185 0.4951737451737452 0.44884169884169883 0.02413127413127413 
0.25 0.25 0.25 0.25 
0.125 0.125 0.375 0.375 
0.027777777777777776 0.25 0.25 0.4722222222222222 
0.025 0.375 0.225 0.375 
0.05963302752293578 0.24311926605504589 0.42660550458715596 0.2706422018348624 
0.4166666666666667 0.25 0.25 0.08333333333333333 
0.5625 0.1875 0.1875 0.0625 
0.2777777777777778 0.5 0.16666666666666666 0.05555555555555555 
0.625 0.125 0.125 0.125 
0.3 0.5 0.1 0.1 
0.16666666666666666 0.16666666666666666 0.16666666666666666 0.5 
0.25 0.4318181818181818 0.1590909090909091 0.1590909090909091 
0.22413793103448276 0.39655172413793105 0.3620689655172414 0.017241379310344827 
0.41304347826086957 0.32608695652173914 0.1956521739130435 0.06521739130434782 
0.34375 0.15625 0.46875 0.03125 
0.16666666666666666 0.16666666666666666 0.16666666666666666 0.5 
0.07954545454545454 0.2840909090909091 0.48863636363636365 0.14772727272727273 
0.04824561403508772 0.3669590643274854 0.5219298245614035 0.06286549707602339 
0.022264631043257 0.3008905852417303 0.6507633587786259 0.02608142493638677 
0.05018587360594796 0.4739776951672863 0.42936802973977695 0.046468401486988845 
0.16666666666666666 0.16666666666666666 0.16666666666666666 0.5 
0.041666666666666664 0.2916666666666667 0.5416666666666666 0.125 
0.026041666666666668 0.140625 0.546875 0.2864583333333333 
0.001926040061633282 0.10670261941448382 0.8285824345146379 0.062788906009245 
0.0037643932683790967 0.12112488928255093 0.7734720992028343 0.1016386182462356 
0.25 0.25 0.25 0.25 
0.25 0.25 0.25 0.25 
0.07142857142857142 0.07142857142857142 0.07142857142857142 0.7857142857142857 
0.02 0.14 0.14 0.7 
0.0049504950495049506 0.06105610561056106 0.5099009900990099 0.4240924092409241 
0.16666666666666666 0.5 0.16666666666666666 0.16666666666666666 
0.5 0.1 0.3 0.1 
0.4166666666666667 0.08333333333333333 0.4166666666666667 0.08333333333333333 
0.25 0.25 0.25 0.25 
0.125 0.125 0.375 0.375 
0.16666666666666666 0.16666666666666666 0.16666666666666666 0.5 
0.20833333333333334 0.20833333333333334 0.375 0.20833333333333334 
0.2916666666666667 0.041666666666666664 0.5416666666666666 0.125 
0.3 0.5 0.1 0.1 
0.34615384615384615 0.34615384615384615 0.038461538461538464 0.2692307692307692 
0.16666666666666666 0.16666666666666666 0.16666666666666666 0.5 
0.03333333333333333 0.23333333333333334 0.23333333333333334 0.5 
0.051470588235294115 0.19852941176470587 0.375 0.375 
0.027472527472527472 0.19230769230769232 0.46703296703296704 0.3131868131868132 
0.03985507246376811 0.3079710144927536 0.4384057971014493 0.213768115942029 
0.25 0.25 0.25 0.25 
0.08333333333333333 0.08333333333333333 0.25 0.5833333333333334 
0.011111111111111112 0.1 0.3 0.5888888888888889 
0.0032679738562091504 0.042483660130718956 0.4477124183006536 0.5065359477124183 
0.0029956427015250544 0.04003267973856209 0.44907407407407407 0.5078976034858388 
0.25 0.25 0.25 0.25 
0.25 0.25 0.25 0.25 
0.038461538461538464 0.038461538461538464 0.11538461538461539 0.8076923076923077 
0.017857142857142856 0.05357142857142857 0.16071428571428573 0.7678571428571429 
0.00101010101010101 0.009494949494949495 0.10686868686868686 0.8826262626262626 
</TABLE>
</DEFINITION>
<DEFINITION>
<FOR>pixel4</FOR>
<GIVEN>pixel31</GIVEN>
<GIVEN>pixel30</GIVEN>
<GIVEN>pixel16</GIVEN>
<TABLE>
0.8441358024691358 0.13734567901234568 0.010802469135802469 0.007716049382716049 
0.9247191011235955 0.06629213483146068 0.0033707865168539327 0.0056179775280898875 
0.7545454545454545 0.21515151515151515 0.015151515151515152 0.015151515151515152 
0.75 0.18877551020408162 0.025510204081632654 0.03571428571428571 
0.69375 0.25625 0.04375 0.00625 
0.8031914893617021 0.18617021276595744 0.005319148936170213 0.005319148936170213 
0.8890675241157556 0.09807073954983923 0.001607717041800643 0.011254019292604502 
0.7366412213740458 0.22519083969465647 0.026717557251908396 0.011450381679389313 
0.6159420289855072 0.34057971014492755 0.036231884057971016 0.007246376811594203 
0.7196969696969697 0.2196969696969697 0.03787878787878788 0.022727272727272728 
0.5 0.22727272727272727 0.22727272727272727 0.045454545454545456 
0.6029411764705882 0.27941176470588236 0.04411764705882353 0.07352941176470588 
0.5689655172413793 0.3620689655172414 0.017241379310344827 0.05172413793103448 
0.5869565217391305 0.2826086956521739 0.10869565217391304 0.021739130434782608 
0.35714285714285715 0.4523809523809524 0.11904761904761904 0.07142857142857142 
0.25 0.25 0.25 0.25 
0.25 0.25 0.25 0.25 
0.5 0.16666666666666666 0.16666666666666666 0.16666666666666666 
0.16666666666666666 0.5 0.16666666666666666 0.16666666666666666 
0.375 0.375 0.125 0.125 
0.25 0.25 0.25 0.25 
0.5 0.16666666666666666 0.16666666666666666 0.16666666666666666 
0.25 0.25 0.25 0.25 
0.25 0.25 0.25 0.25 
0.25 0.25 0.25 0.25 
0.4868421052631579 0.40789473684210525 0.09210526315789473 0.013157894736842105 
0.5324074074074074 0.38425925925925924 0.06018518518518518 0.023148148148148147 
0.4537037037037037 0.4537037037037037 0.06481481481481481 0.027777777777777776 
0.32142857142857145 0.5357142857142857 0.10714285714285714 0.03571428571428571 
0.359375 0.390625 0.203125 0.046875 
0.6839285714285714 0.29464285714285715 0.01607142857142857 0.005357142857142857 
0.6365478119935171 0.3585899513776337 0.003646677471636953 0.0012155591572123178 
0.46116504854368934 0.5263522884882108 0.0062413314840499305 0.0062413314840499305 
0.35139318885448917 0.5835913312693498 0.04179566563467492 0.02321981424148607 
0.3923766816143498 0.5224215246636771 0.04708520179372197 0.03811659192825112 
0.3317757009345794 0.6401869158878505 0.014018691588785047 0.014018691588785047 
0.39555921052631576 0.5863486842105263 0.013980263157894737 0.004111842105263158 
0.27554438860971525 0.7010050251256281 0.010887772194304857 0.01256281407035176 
0.22934472934472935 0.7364672364672364 0.024216524216524215 0.009971509971509971 
0.18727272727272729 0.7036363636363636 0.06363636363636363 0.045454545454545456 
0.25 0.25 0.25 0.25 
0.25 0.5833333333333334 0.08333333333333333 0.08333333333333333 
0.38636363636363635 0.4772727272727273 0.11363636363636363 0.022727272727272728 
0.1 0.5666666666666667 0.23333333333333334 0.1 
0.24074074074074073 0.42592592592592593 0.12962962962962962 0.2037037037037037 
0.25 0.25 0.25 0.25 
0.16666666666666666 0.16666666666666666 0.5 0.16666666666666666 
0.125 0.625 0.125 0.125 
0.25 0.25 0.25 0.25 
0.375 0.125 0.375 0.125 
0.25 0.08333333333333333 0.25 0.4166666666666667 
0.20833333333333334 0.5416666666666666 0.20833333333333334 0.041666666666666664 
0.21875 0.59375 0.09375 0.09375 
0.1 0.43333333333333335 0.23333333333333334 0.23333333333333334 
0.08823529411764706 0.5 0.20588235294117646 0.20588235294117646 
0.18627450980392157 0.7156862745098039 0.08823529411764706 0.00980392156862745 
0.10576923076923077 0.8108974358974359 0.060897435897435896 0.022435897435897436 
0.08630952380952381 0.8065476190476191 0.09226190476190477 0.01488095238095238 
0.07653061224489796 0.7806122448979592 0.11734693877551021 0.025510204081632654 
0.06880733944954129 0.6834862385321101 0.16055045871559634 0.0871559633027523 
0.1 0.8142857142857143 0.06507936507936508 0.020634920634920634 
0.05174686882003955 0.9021094264996704 0.03724456163480554 0.008899143045484509 
0.05146693187468921 0.9057682744903033 0.037543510691198406 0.00522128294380905 
0.02818239392020266 0.9053198226725776 0.05288157061431285 0.013616212792906902 
0.03913373860182371 0.8043313069908815 0.12044072948328267 0.03609422492401216 
0.16666666666666666 0.6333333333333333 0.16666666666666666 0.03333333333333333 
0.125 0.5808823529411765 0.19852941176470587 0.09558823529411764 
0.12755102040816327 0.6479591836734694 0.1683673469387755 0.05612244897959184 
0.08928571428571429 0.7083333333333334 0.19642857142857142 0.005952380952380952 
0.0641025641025641 0.6435897435897436 0.21794871794871795 0.07435897435897436 
0.125 0.625 0.125 0.125 
0.28125 0.34375 0.15625 0.21875 
0.05 0.55 0.15 0.25 
0.0625 0.6875 0.1875 0.0625 
0.05 0.55 0.25 0.15 
0.375 0.375 0.125 0.125 
0.125 0.375 0.375 0.125 
0.16666666666666666 0.5 0.16666666666666666 0.16666666666666666 
0.25 0.25 0.25 0.25 
0.3 0.5 0.1 0.1 
0.1 0.5 0.3 0.1 
0.16666666666666666 0.5 0.1 0.23333333333333334 
0.045454545454545456 0.3181818181818182 0.3181818181818182 0.3181818181818182 
0.125 0.2916666666666667 0.2916666666666667 0.2916666666666667 
0.05357142857142857 0.5178571428571429 0.30357142857142855 0.125 
0.04885057471264368 0.5258620689655172 0.3994252873563218 0.02586206896551724 
0.015 0.547 0.397 0.041 
0.01390728476821192 0.6350993377483444 0.29602649006622517 0.05496688741721854 
0.018096514745308313 0.589142091152815 0.34785522788203754 0.044906166219839144 
0.009576612903225807 0.4682459677419355 0.4430443548387097 0.07913306451612903 
0.02577319587628866 0.5618556701030928 0.31443298969072164 0.0979381443298969 
0.02365930599369085 0.47791798107255523 0.41798107255520506 0.0804416403785489 
0.0051440329218107 0.5092592592592593 0.43106995884773663 0.05452674897119342 
0.010586319218241042 0.5154723127035831 0.4226384364820847 0.05130293159609121 
0.014438502673796792 0.4443850267379679 0.44331550802139036 0.09786096256684491 
0.375 0.125 0.125 0.375 
0.10714285714285714 0.25 0.32142857142857145 0.32142857142857145 
0.10714285714285714 0.32142857142857145 0.32142857142857145 0.25 
0.125 0.2916666666666667 0.2916666666666667 0.2916666666666667 
0.039473684210526314 0.35526315789473684 0.35526315789473684 0.25 
0.25 0.25 0.25 0.25 
0.25 0.5833333333333334 0.08333333333333333 0.08333333333333333 
0.125 0.375 0.375 0.125 
0.125 0.625 0.125 0.125 
0.16666666666666666 0.16666666666666666 0.16666666666666666 0.5 
0.07142857142857142 0.35714285714285715 0.35714285714285715 0.21428571428571427 
0.21428571428571427 0.21428571428571427 0.35714285714285715 0.21428571428571427 
0.07142857142857142 0.35714285714285715 0.35714285714285715 0.21428571428571427 
0.08333333333333333 0.08333333333333333 0.4166666666666667 0.4166666666666667 
0.025 0.175 0.175 0.625 
0.013888888888888888 0.041666666666666664 0.4583333333333333 0.4861111111111111 
0.04411764705882353 0.19117647058823528 0.35784313725490197 0.4068627450980392 
0.0049504950495049506 0.15346534653465346 0.4504950495049505 0.3910891089108911 
0.003968253968253968 0.15476190476190477 0.376984126984127 0.4642857142857143 
0.004966887417218543 0.11092715231788079 0.35927152317880795 0.5248344370860927 
0.01201923076923077 0.15144230769230768 0.2956730769230769 0.5408653846153846 
0.006097560975609756 0.11062717770034843 0.37369337979094075 0.509581881533101 
0.011659807956104253 0.11591220850480109 0.41906721536351166 0.453360768175583 
0.005926724137931034 0.11045258620689655 0.46282327586206895 0.4207974137931034 
0.0025011368804001817 0.08117326057298772 0.3726693951796271 0.543656207366985 
0.0211864406779661 0.07203389830508475 0.09745762711864407 0.809322033898305 
0.0189873417721519 0.04008438818565401 0.07383966244725738 0.8670886075949367 
0.013513513513513514 0.05555555555555555 0.17567567567567569 0.7552552552552553 
0.0033783783783783786 0.06418918918918919 0.10247747747747747 0.829954954954955 
0.0031073446327683617 0.04209039548022599 0.11384180790960452 0.8409604519774011 
</TABLE>
</DEFINITION>
<DEFINITION>
<FOR>pixel5</FOR>
<GIVEN>pixel6</GIVEN>
<GIVEN>pixel1</GIVEN>
<TABLE>
0.9837067209775967 0.014256619144602852 0.002036659877800407 
0.9871175523349437 0.008051529790660225 0.004830917874396135 
0.9766763848396501 0.014577259475218658 0.008746355685131196 
0.9887429643527205 0.009380863039399626 0.001876172607879925 
0.9758308157099698 0.021148036253776436 0.0030211480362537764 
0.9060493409935789 0.0834741466711727 0.010476512335248395 
0.8477371357718537 0.13477991320520769 0.017482951022938623 
0.7989444584066349 0.18019602915305352 0.020859512440311635 
0.80878461809843 0.15470100546833657 0.036514376433233374 
0.8064329179947841 0.13126629962329758 0.06230078238191829 
0.2663316582914573 0.6013400335008375 0.1323283082077052 
0.19443478260869565 0.6980869565217391 0.10747826086956522 
