<?xml version="1.0"?>
<!-- DTD for the XMLBIF 0.3 format -->
<!DOCTYPE BIF [
	<!ELEMENT BIF ( NETWORK )*>
	      <!ATTLIST BIF VERSION CDATA #REQUIRED>
	<!ELEMENT NETWORK ( NAME, ( PROPERTY | VARIABLE | DEFINITION )* )>
	<!ELEMENT NAME (#PCDATA)>
	<!ELEMENT VARIABLE ( NAME, ( OUTCOME |  PROPERTY )* ) >
	      <!ATTLIST VARIABLE TYPE (nature|decision|utility) "nature">
	<!ELEMENT OUTCOME (#PCDATA)>
	<!ELEMENT DEFINITION ( FOR | GIVEN | TABLE | PROPERTY )* >
	<!ELEMENT FOR (#PCDATA)>
	<!ELEMENT GIVEN (#PCDATA)>
	<!ELEMENT TABLE (#PCDATA)>
	<!ELEMENT PROPERTY (#PCDATA)>
]>


<BIF VERSION="0.3">
<NETWORK>
<NAME>faces-weka.filters.supervised.attribute.Discretize-Rfirst-last-precision6-weka.filters.unsupervised.attribute.ReplaceMissingValues</NAME>
<VARIABLE TYPE="nature">
<NAME>emotion</NAME>
<OUTCOME>angry</OUTCOME>
<OUTCOME>disgust</OUTCOME>
<OUTCOME>fear</OUTCOME>
<OUTCOME>happy</OUTCOME>
<OUTCOME>neutral</OUTCOME>
<OUTCOME>sad</OUTCOME>
<OUTCOME>surprise</OUTCOME>
</VARIABLE>
<VARIABLE TYPE="nature">
<NAME>pixel0</NAME>
<OUTCOME>&apos;\&apos;(-inf-0.448039]\&apos;&apos;</OUTCOME>
<OUTCOME>&apos;\&apos;(0.448039-0.688235]\&apos;&apos;</OUTCOME>
<OUTCOME>&apos;\&apos;(0.688235-0.789216]\&apos;&apos;</OUTCOME>
<OUTCOME>&apos;\&apos;(0.789216-inf)\&apos;&apos;</OUTCOME>
</VARIABLE>
<VARIABLE TYPE="nature">
<NAME>pixel1</NAME>
<OUTCOME>&apos;\&apos;(-inf-0.295588]\&apos;&apos;</OUTCOME>
<OUTCOME>&apos;\&apos;(0.295588-0.52451]\&apos;&apos;</OUTCOME>
<OUTCOME>&apos;\&apos;(0.52451-0.620098]\&apos;&apos;</OUTCOME>
<OUTCOME>&apos;\&apos;(0.620098-0.762745]\&apos;&apos;</OUTCOME>
<OUTCOME>&apos;\&apos;(0.762745-inf)\&apos;&apos;</OUTCOME>
</VARIABLE>
<VARIABLE TYPE="nature">
<NAME>pixel2</NAME>
<OUTCOME>&apos;\&apos;(-inf-0.152451]\&apos;&apos;</OUTCOME>
<OUTCOME>&apos;\&apos;(0.152451-0.40098]\&apos;&apos;</OUTCOME>
<OUTCOME>&apos;\&apos;(0.40098-0.657353]\&apos;&apos;</OUTCOME>
<OUTCOME>&apos;\&apos;(0.657353-0.768627]\&apos;&apos;</OUTCOME>
<OUTCOME>&apos;\&apos;(0.768627-inf)\&apos;&apos;</OUTCOME>
</VARIABLE>
<VARIABLE TYPE="nature">
<NAME>pixel3</NAME>
<OUTCOME>&apos;\&apos;(-inf-0.429412]\&apos;&apos;</OUTCOME>
<OUTCOME>&apos;\&apos;(0.429412-0.648529]\&apos;&apos;</OUTCOME>
<OUTCOME>&apos;\&apos;(0.648529-0.788235]\&apos;&apos;</OUTCOME>
<OUTCOME>&apos;\&apos;(0.788235-inf)\&apos;&apos;</OUTCOME>
</VARIABLE>
<VARIABLE TYPE="nature">
<NAME>pixel4</NAME>
<OUTCOME>&apos;\&apos;(-inf-0.408824]\&apos;&apos;</OUTCOME>
<OUTCOME>&apos;\&apos;(0.408824-0.705392]\&apos;&apos;</OUTCOME>
<OUTCOME>&apos;\&apos;(0.705392-0.794118]\&apos;&apos;</OUTCOME>
<OUTCOME>&apos;\&apos;(0.794118-inf)\&apos;&apos;</OUTCOME>
</VARIABLE>
<VARIABLE TYPE="nature">
<NAME>pixel5</NAME>
<OUTCOME>&apos;\&apos;(-inf-0.493627]\&apos;&apos;</OUTCOME>
<OUTCOME>&apos;\&apos;(0.493627-0.669608]\&apos;&apos;</OUTCOME>
<OUTCOME>&apos;\&apos;(0.669608-inf)\&apos;&apos;</OUTCOME>
</VARIABLE>
<VARIABLE TYPE="nature">
<NAME>pixel6</NAME>
<OUTCOME>&apos;\&apos;(-inf-0.080392]\&apos;&apos;</OUTCOME>
<OUTCOME>&apos;\&apos;(0.080392-0.542647]\&apos;&apos;</OUTCOME>
<OUTCOME>&apos;\&apos;(0.542647-0.663235]\&apos;&apos;</OUTCOME>
<OUTCOME>&apos;\&apos;(0.663235-inf)\&apos;&apos;</OUTCOME>
</VARIABLE>
<VARIABLE TYPE="nature">
<NAME>pixel7</NAME>
<OUTCOME>&apos;\&apos;(-inf-0.50098]\&apos;&apos;</OUTCOME>
<OUTCOME>&apos;\&apos;(0.50098-inf)\&apos;&apos;</OUTCOME>
</VARIABLE>
<VARIABLE TYPE="nature">
<NAME>pixel8</NAME>
<OUTCOME>&apos;\&apos;(-inf-0.181373]\&apos;&apos;</OUTCOME>
<OUTCOME>&apos;\&apos;(0.181373-0.565196]\&apos;&apos;</OUTCOME>
<OUTCOME>&apos;\&apos;(0.565196-inf)\&apos;&apos;</OUTCOME>
</VARIABLE>
<VARIABLE TYPE="nature">
<NAME>pixel9</NAME>
<OUTCOME>&apos;\&apos;(-inf-0.093137]\&apos;&apos;</OUTCOME>
<OUTCOME>&apos;\&apos;(0.093137-0.593137]\&apos;&apos;</OUTCOME>
<OUTCOME>&apos;\&apos;(0.593137-inf)\&apos;&apos;</OUTCOME>
</VARIABLE>
<VARIABLE TYPE="nature">
<NAME>pixel10</NAME>
<OUTCOME>&apos;\&apos;(-inf-0.020098]\&apos;&apos;</OUTCOME>
<OUTCOME>&apos;\&apos;(0.020098-0.435294]\&apos;&apos;</OUTCOME>
<OUTCOME>&apos;\&apos;(0.435294-0.735294]\&apos;&apos;</OUTCOME>
<OUTCOME>&apos;\&apos;(0.735294-0.972059]\&apos;&apos;</OUTCOME>
<OUTCOME>&apos;\&apos;(0.972059-inf)\&apos;&apos;</OUTCOME>
</VARIABLE>
<VARIABLE TYPE="nature">
<NAME>pixel11</NAME>
<OUTCOME>&apos;\&apos;(-inf-0.026961]\&apos;&apos;</OUTCOME>
<OUTCOME>&apos;\&apos;(0.026961-0.676471]\&apos;&apos;</OUTCOME>
<OUTCOME>&apos;\&apos;(0.676471-0.991667]\&apos;&apos;</OUTCOME>
<OUTCOME>&apos;\&apos;(0.991667-inf)\&apos;&apos;</OUTCOME>
</VARIABLE>
<VARIABLE TYPE="nature">
<NAME>pixel12</NAME>
<OUTCOME>&apos;\&apos;(-inf-0.603922]\&apos;&apos;</OUTCOME>
<OUTCOME>&apos;\&apos;(0.603922-0.976471]\&apos;&apos;</OUTCOME>
<OUTCOME>&apos;\&apos;(0.976471-inf)\&apos;&apos;</OUTCOME>
</VARIABLE>
<VARIABLE TYPE="nature">
<NAME>pixel13</NAME>
<OUTCOME>&apos;\&apos;(-inf-0.493137]\&apos;&apos;</OUTCOME>
<OUTCOME>&apos;\&apos;(0.493137-0.675]\&apos;&apos;</OUTCOME>
<OUTCOME>&apos;\&apos;(0.675-0.957353]\&apos;&apos;</OUTCOME>
<OUTCOME>&apos;\&apos;(0.957353-inf)\&apos;&apos;</OUTCOME>
</VARIABLE>
<VARIABLE TYPE="nature">
<NAME>pixel14</NAME>
<OUTCOME>&apos;\&apos;(-inf-0.585294]\&apos;&apos;</OUTCOME>
<OUTCOME>&apos;\&apos;(0.585294-0.985784]\&apos;&apos;</OUTCOME>
<OUTCOME>&apos;\&apos;(0.985784-inf)\&apos;&apos;</OUTCOME>
</VARIABLE>
<VARIABLE TYPE="nature">
<NAME>pixel15</NAME>
<OUTCOME>&apos;\&apos;(-inf-0.016176]\&apos;&apos;</OUTCOME>
<OUTCOME>&apos;\&apos;(0.016176-0.180392]\&apos;&apos;</OUTCOME>
<OUTCOME>&apos;\&apos;(0.180392-0.389216]\&apos;&apos;</OUTCOME>
<OUTCOME>&apos;\&apos;(0.389216-0.587255]\&apos;&apos;</OUTCOME>
<OUTCOME>&apos;\&apos;(0.587255-inf)\&apos;&apos;</OUTCOME>
</VARIABLE>
<VARIABLE TYPE="nature">
<NAME>pixel16</NAME>
<OUTCOME>&apos;\&apos;(-inf-0.161275]\&apos;&apos;</OUTCOME>
<OUTCOME>&apos;\&apos;(0.161275-0.362745]\&apos;&apos;</OUTCOME>
<OUTCOME>&apos;\&apos;(0.362745-0.498039]\&apos;&apos;</OUTCOME>
<OUTCOME>&apos;\&apos;(0.498039-0.606863]\&apos;&apos;</OUTCOME>
<OUTCOME>&apos;\&apos;(0.606863-inf)\&apos;&apos;</OUTCOME>
</VARIABLE>
<VARIABLE TYPE="nature">
<NAME>pixel17</NAME>
<OUTCOME>&apos;\&apos;(-inf-0.194608]\&apos;&apos;</OUTCOME>
<OUTCOME>&apos;\&apos;(0.194608-0.288725]\&apos;&apos;</OUTCOME>
<OUTCOME>&apos;\&apos;(0.288725-0.491667]\&apos;&apos;</OUTCOME>
<OUTCOME>&apos;\&apos;(0.491667-inf)\&apos;&apos;</OUTCOME>
</VARIABLE>
<VARIABLE TYPE="nature">
<NAME>pixel18</NAME>
<OUTCOME>&apos;\&apos;(-inf-0.151961]\&apos;&apos;</OUTCOME>
<OUTCOME>&apos;\&apos;(0.151961-0.334804]\&apos;&apos;</OUTCOME>
<OUTCOME>&apos;\&apos;(0.334804-0.541667]\&apos;&apos;</OUTCOME>
<OUTCOME>&apos;\&apos;(0.541667-inf)\&apos;&apos;</OUTCOME>
</VARIABLE>
<VARIABLE TYPE="nature">
<NAME>pixel19</NAME>
<OUTCOME>&apos;\&apos;(-inf-0.207843]\&apos;&apos;</OUTCOME>
<OUTCOME>&apos;\&apos;(0.207843-0.405392]\&apos;&apos;</OUTCOME>
<OUTCOME>&apos;\&apos;(0.405392-0.571078]\&apos;&apos;</OUTCOME>
<OUTCOME>&apos;\&apos;(0.571078-inf)\&apos;&apos;</OUTCOME>
</VARIABLE>
<VARIABLE TYPE="nature">
<NAME>pixel20</NAME>
<OUTCOME>&apos;\&apos;(-inf-0.090686]\&apos;&apos;</OUTCOME>
<OUTCOME>&apos;\&apos;(0.090686-0.337255]\&apos;&apos;</OUTCOME>
<OUTCOME>&apos;\&apos;(0.337255-inf)\&apos;&apos;</OUTCOME>
</VARIABLE>
<VARIABLE TYPE="nature">
<NAME>pixel21</NAME>
<OUTCOME>&apos;\&apos;(-inf-0.156373]\&apos;&apos;</OUTCOME>
<OUTCOME>&apos;\&apos;(0.156373-0.503431]\&apos;&apos;</OUTCOME>
<OUTCOME>&apos;\&apos;(0.503431-0.991667]\&apos;&apos;</OUTCOME>
<OUTCOME>&apos;\&apos;(0.991667-inf)\&apos;&apos;</OUTCOME>
</VARIABLE>
<VARIABLE TYPE="nature">
<NAME>pixel22</NAME>
<OUTCOME>&apos;\&apos;(-inf-0.355882]\&apos;&apos;</OUTCOME>
<OUTCOME>&apos;\&apos;(0.355882-0.978431]\&apos;&apos;</OUTCOME>
<OUTCOME>&apos;\&apos;(0.978431-inf)\&apos;&apos;</OUTCOME>
</VARIABLE>
<VARIABLE TYPE="nature">
<NAME>pixel23</NAME>
<OUTCOME>&apos;\&apos;(-inf-0.058333]\&apos;&apos;</OUTCOME>
<OUTCOME>&apos;\&apos;(0.058333-0.289706]\&apos;&apos;</OUTCOME>
<OUTCOME>&apos;\&apos;(0.289706-0.634314]\&apos;&apos;</OUTCOME>
<OUTCOME>&apos;\&apos;(0.634314-0.967157]\&apos;&apos;</OUTCOME>
<OUTCOME>&apos;\&apos;(0.967157-inf)\&apos;&apos;</OUTCOME>
</VARIABLE>
<VARIABLE TYPE="nature">
<NAME>pixel24</NAME>
<OUTCOME>&apos;\&apos;(-inf-0.159314]\&apos;&apos;</OUTCOME>
<OUTCOME>&apos;\&apos;(0.159314-0.546569]\&apos;&apos;</OUTCOME>
<OUTCOME>&apos;\&apos;(0.546569-0.960784]\&apos;&apos;</OUTCOME>
<OUTCOME>&apos;\&apos;(0.960784-inf)\&apos;&apos;</OUTCOME>
</VARIABLE>
<VARIABLE TYPE="nature">
<NAME>pixel25</NAME>
<OUTCOME>&apos;\&apos;(-inf-0.328431]\&apos;&apos;</OUTCOME>
<OUTCOME>&apos;\&apos;(0.328431-0.627451]\&apos;&apos;</OUTCOME>
<OUTCOME>&apos;\&apos;(0.627451-0.758824]\&apos;&apos;</OUTCOME>
<OUTCOME>&apos;\&apos;(0.758824-inf)\&apos;&apos;</OUTCOME>
</VARIABLE>
<VARIABLE TYPE="nature">
<NAME>pixel26</NAME>
<OUTCOME>&apos;\&apos;(-inf-0.419608]\&apos;&apos;</OUTCOME>
<OUTCOME>&apos;\&apos;(0.419608-0.614706]\&apos;&apos;</OUTCOME>
<OUTCOME>&apos;\&apos;(0.614706-0.761765]\&apos;&apos;</OUTCOME>
<OUTCOME>&apos;\&apos;(0.761765-inf)\&apos;&apos;</OUTCOME>
</VARIABLE>
<VARIABLE TYPE="nature">
<NAME>pixel27</NAME>
<OUTCOME>&apos;\&apos;(-inf-0.465686]\&apos;&apos;</OUTCOME>
<OUTCOME>&apos;\&apos;(0.465686-0.639216]\&apos;&apos;</OUTCOME>
<OUTCOME>&apos;\&apos;(0.639216-0.772059]\&apos;&apos;</OUTCOME>
<OUTCOME>&apos;\&apos;(0.772059-inf)\&apos;&apos;</OUTCOME>
</VARIABLE>
<VARIABLE TYPE="nature">
<NAME>pixel28</NAME>
<OUTCOME>&apos;\&apos;(-inf-0.466667]\&apos;&apos;</OUTCOME>
<OUTCOME>&apos;\&apos;(0.466667-0.684804]\&apos;&apos;</OUTCOME>
<OUTCOME>&apos;\&apos;(0.684804-0.77598]\&apos;&apos;</OUTCOME>
<OUTCOME>&apos;\&apos;(0.77598-inf)\&apos;&apos;</OUTCOME>
</VARIABLE>
<VARIABLE TYPE="nature">
<NAME>pixel29</NAME>
<OUTCOME>&apos;\&apos;(-inf-0.477451]\&apos;&apos;</OUTCOME>
<OUTCOME>&apos;\&apos;(0.477451-0.644608]\&apos;&apos;</OUTCOME>
<OUTCOME>&apos;\&apos;(0.644608-0.768137]\&apos;&apos;</OUTCOME>
<OUTCOME>&apos;\&apos;(0.768137-inf)\&apos;&apos;</OUTCOME>
</VARIABLE>
<VARIABLE TYPE="nature">
<NAME>pixel30</NAME>
<OUTCOME>&apos;\&apos;(-inf-0.22402]\&apos;&apos;</OUTCOME>
<OUTCOME>&apos;\&apos;(0.22402-0.405882]\&apos;&apos;</OUTCOME>
<OUTCOME>&apos;\&apos;(0.405882-0.676961]\&apos;&apos;</OUTCOME>
<OUTCOME>&apos;\&apos;(0.676961-0.822059]\&apos;&apos;</OUTCOME>
<OUTCOME>&apos;\&apos;(0.822059-inf)\&apos;&apos;</OUTCOME>
</VARIABLE>
<VARIABLE TYPE="nature">
<NAME>pixel31</NAME>
<OUTCOME>&apos;\&apos;(-inf-0.279412]\&apos;&apos;</OUTCOME>
<OUTCOME>&apos;\&apos;(0.279412-0.480882]\&apos;&apos;</OUTCOME>
<OUTCOME>&apos;\&apos;(0.480882-0.648039]\&apos;&apos;</OUTCOME>
<OUTCOME>&apos;\&apos;(0.648039-0.745098]\&apos;&apos;</OUTCOME>
<OUTCOME>&apos;\&apos;(0.745098-inf)\&apos;&apos;</OUTCOME>
</VARIABLE>
<VARIABLE TYPE="nature">
<NAME>pixel32</NAME>
<OUTCOME>&apos;\&apos;(-inf-0.448039]\&apos;&apos;</OUTCOME>
<OUTCOME>&apos;\&apos;(0.448039-0.688235]\&apos;&apos;</OUTCOME>
<OUTCOME>&apos;\&apos;(0.688235-0.789216]\&apos;&apos;</OUTCOME>
<OUTCOME>&apos;\&apos;(0.789216-inf)\&apos;&apos;</OUTCOME>
</VARIABLE>
<VARIABLE TYPE="nature">
<NAME>pixel33</NAME>
<OUTCOME>&apos;\&apos;(-inf-0.428922]\&apos;&apos;</OUTCOME>
<OUTCOME>&apos;\&apos;(0.428922-0.598039]\&apos;&apos;</OUTCOME>
<OUTCOME>&apos;\&apos;(0.598039-0.75]\&apos;&apos;</OUTCOME>
<OUTCOME>&apos;\&apos;(0.75-inf)\&apos;&apos;</OUTCOME>
</VARIABLE>
<VARIABLE TYPE="nature">
<NAME>pixel34</NAME>
<OUTCOME>&apos;\&apos;(-inf-0.477451]\&apos;&apos;</OUTCOME>
<OUTCOME>&apos;\&apos;(0.477451-0.644608]\&apos;&apos;</OUTCOME>
<OUTCOME>&apos;\&apos;(0.644608-0.768137]\&apos;&apos;</OUTCOME>
<OUTCOME>&apos;\&apos;(0.768137-inf)\&apos;&apos;</OUTCOME>
</VARIABLE>
<DEFINITION>
<FOR>emotion</FOR>
<TABLE>
0.13740923259094154 0.014853640273738833 0.14420046319675414 0.24955160464589826 0.17261915127030839 0.16958921761540738 0.11177669040695143 
</TABLE>
</DEFINITION>
<DEFINITION>
<FOR>pixel0</FOR>
<GIVEN>pixel32</GIVEN>
<TABLE>
0.9997688395746648 7.705347511172754E-5 7.705347511172754E-5 7.705347511172754E-5 
4.236570072869005E-5 0.9998729028978139 4.236570072869005E-5 4.236570072869005E-5 
9.036688957166094E-5 9.036688957166094E-5 0.9997288993312851 9.036688957166094E-5 
1.021659174499387E-4 1.021659174499387E-4 1.021659174499387E-4 0.9996935022476502 
</TABLE>
</DEFINITION>
<DEFINITION>
<FOR>pixel1</FOR>
<GIVEN>emotion</GIVEN>
<GIVEN>pixel26</GIVEN>
<TABLE>
0.3226022803487592 0.4151576123407109 0.11066398390342053 0.10663983903420524 0.04493628437290409 
0.11601235112483459 0.4265549183943538 0.23775915306572562 0.1733568592853992 0.04631671812968681 
0.05218498090793382 0.24310564276622826 0.2388629613915995 0.3610521849809079 0.1047942299533305 
0.04512534818941504 0.09860724233983287 0.13871866295264623 0.32144846796657384 0.396100278551532 
0.17073170731707318 0.4796747967479675 0.13821138211382114 0.10569105691056911 0.10569105691056911 
0.06598984771573604 0.49238578680203043 0.19796954314720813 0.16751269035532995 0.07614213197969544 
0.049773755656108594 0.1583710407239819 0.3031674208144796 0.3393665158371041 0.1493212669683258 
0.00906344410876133 0.11782477341389729 0.1540785498489426 0.3716012084592145 0.3474320241691843 
0.22749822820694543 0.3862508858965273 0.1481218993621545 0.15946137491141035 0.07866761162296244 
0.07542579075425791 0.34501216545012164 0.25547445255474455 0.22530413625304135 0.09878345498783454 
0.03175257731958763 0.14144329896907218 0.21484536082474226 0.42597938144329894 0.18597938144329898 
0.033623910336239106 0.0660024906600249 0.0859277708592777 0.32918223329182233 0.4852635948526359 
0.2627956989247312 0.43311827956989246 0.11827956989247312 0.1389247311827957 0.04688172043010753 
0.07444235420585864 0.48562214458478903 0.21418973394248858 0.15829078204783661 0.06745498521902714 
0.0289758902897589 0.2342402123424021 0.24529971245299712 0.38597655385976554 0.10550763105507631 
0.015596087761036215 0.08749669574411842 0.09542690985989954 0.3888448321438012 0.41263547449114457 
0.2621553884711779 0.38847117794486213 0.12280701754385964 0.14385964912280702 0.08270676691729323 
0.08274582560296846 0.4070500927643785 0.21113172541743971 0.21484230055658626 0.08423005565862708 
0.026080743122543767 0.14826723829939265 0.18756698821007503 0.43193997856377275 0.2061450518042158 
0.015963978714695046 0.06180925092099877 0.06672124437167418 0.31150225133033155 0.5440032746623005 
0.2413051272857655 0.42129795625672284 0.13087128002868412 0.13589100035855145 0.07063463607027609 
0.08485056681552731 0.3899003778770182 0.22706973548608725 0.21538990037787703 0.0827894194434902 
0.05995975855130785 0.20482897384305834 0.2056338028169014 0.3617706237424547 0.16780684104627766 
0.031150667514303877 0.08709472345835982 0.09726636999364272 0.3083280356007629 0.4761602034329307 
0.2135306553911205 0.38266384778012685 0.1331923890063425 0.1839323467230444 0.08668076109936575 
0.04117108874656908 0.3302836230558097 0.22598353156450138 0.29734675205855443 0.10521500457456541 
0.01701507049100632 0.1434127369956247 0.19008264462809918 0.4312105007292173 0.2182790471560525 
0.008880994671403197 0.03516873889875666 0.06785079928952042 0.2880994671403197 0.6 
</TABLE>
</DEFINITION>
<DEFINITION>
<FOR>pixel2</FOR>
<GIVEN>pixel0</GIVEN>
<GIVEN>pixel3</GIVEN>
<TABLE>
0.09970080108097674 0.6272560563652158 0.25740758614033393 0.011292346298619825 0.0043432101148537785 
0.031315240083507306 0.35615866388308975 0.55741127348643 0.043006263048016705 0.012108559498956159 
0.08108108108108109 0.35135135135135137 0.41621621621621624 0.12432432432432433 0.02702702702702703 
0.05660377358490566 0.39622641509433965 0.4339622641509434 0.05660377358490566 0.05660377358490566 
0.014309484193011647 0.2525790349417637 0.6173044925124792 0.09151414309484193 0.024292845257903494 
0.001312910284463895 0.08071272272585182 0.765176617693029 0.13297905595498594 0.01981869334166927 
0.0016177490177952392 0.046452507510977584 0.5008088745088977 0.37462445112086895 0.07649641784146059 
0.0034129692832764505 0.11945392491467577 0.3378839590443686 0.2627986348122867 0.2764505119453925 
0.0049261083743842365 0.09359605911330049 0.3399014778325123 0.3694581280788177 0.1921182266009852 
0.0025290844714213456 0.025796661608497723 0.46383409205867476 0.37076378351036926 0.13707637835103692 
1.2848515996402416E-4 0.011435179236798149 0.24399331877168187 0.5551843762045484 0.1892586406270076 
0.002680965147453083 0.013404825737265416 0.1546023235031278 0.40125111706881145 0.4280607685433423 
0.014925373134328358 0.04477611940298507 0.1044776119402985 0.2537313432835821 0.582089552238806 
0.002583979328165375 0.028423772609819122 0.19896640826873385 0.3385012919896641 0.4315245478036176 
0.0011350737797956867 0.004918653045781309 0.09648127128263337 0.3757094211123723 0.5217555807794173 
1.490979573579842E-4 0.0034292530192336365 0.04458028925003728 0.1650514387952885 0.7867899209780826 
</TABLE>
</DEFINITION>
<DEFINITION>
<FOR>pixel3</FOR>
<GIVEN>pixel0</GIVEN>
<GIVEN>pixel30</GIVEN>
<TABLE>
0.9651442307692307 0.030048076923076924 0.003605769230769231 0.001201923076923077 
0.8951195862960569 0.10003232062055592 0.0037168713639301873 0.0011312217194570137 
0.5780159521435693 0.3940677966101695 0.024177467597208374 0.0037387836490528413 
0.3347107438016529 0.43388429752066116 0.17768595041322313 0.05371900826446281 
0.23214285714285715 0.26785714285714285 0.23214285714285715 0.26785714285714285 
0.6533742331288344 0.30368098159509205 0.02147239263803681 0.02147239263803681 
0.48825503355704697 0.46364653243847875 0.04194630872483222 0.006152125279642058 
0.10038500736043483 0.7598799682935115 0.13492243234061826 0.004812592005435398 
0.03742262239729882 0.44203714124929655 0.4926842993809792 0.027855936972425437 
0.04482758620689655 0.25862068965517243 0.38275862068965516 0.3137931034482759 
0.4791666666666667 0.3541666666666667 0.14583333333333334 0.020833333333333332 
0.3 0.34705882352941175 0.28823529411764703 0.06470588235294118 
0.035020804438280165 0.34778085991678226 0.5731622746185853 0.04403606102635229 
0.0034162339437004644 0.11683520087455589 0.786963651270839 0.09278491391090461 
0.004531722054380665 0.0649546827794562 0.47583081570996977 0.45468277945619334 
0.375 0.125 0.375 0.125 
0.28378378378378377 0.22972972972972974 0.28378378378378377 0.20270270270270271 
0.03420195439739414 0.24592833876221498 0.4250814332247557 0.2947882736156352 
0.002704031465093412 0.04105211406096362 0.44567354965585054 0.5105703048180924 
9.952229299363057E-4 0.009753184713375796 0.10728503184713375 0.8819665605095541 
</TABLE>
</DEFINITION>
<DEFINITION>
<FOR>pixel4</FOR>
<GIVEN>pixel31</GIVEN>
<GIVEN>pixel30</GIVEN>
<TABLE>
0.8482789855072463 0.13269927536231885 0.010416666666666666 0.008605072463768116 
0.8092006033182504 0.17119155354449472 0.011312217194570135 0.008295625942684766 
0.5590909090909091 0.33181818181818185 0.06818181818181818 0.04090909090909091 
0.4166666666666667 0.4166666666666667 0.08333333333333333 0.08333333333333333 
0.5 0.16666666666666666 0.16666666666666666 0.16666666666666666 
0.4642857142857143 0.43045112781954886 0.08458646616541353 0.020676691729323307 
0.5439956725567977 0.43544897223223944 0.01280201947349441 0.007753335737468446 
0.2955958549222798 0.6702072538860103 0.02098445595854922 0.013212435233160623 
0.2578125 0.5078125 0.1328125 0.1015625 
0.21428571428571427 0.35714285714285715 0.35714285714285715 0.07142857142857142 
0.14655172413793102 0.5086206896551724 0.1810344827586207 0.16379310344827586 
0.09320557491289198 0.7796167247386759 0.09843205574912892 0.028745644599303136 
0.04569093610698365 0.8815007429420505 0.05832095096582467 0.01448736998514116 
0.0918141592920354 0.6537610619469026 0.19800884955752213 0.05641592920353982 
0.1125 0.5625 0.1625 0.1625 
0.25 0.55 0.15 0.05 
0.07142857142857142 0.46825396825396826 0.2619047619047619 0.1984126984126984 
0.015036403925292815 0.5528648306426084 0.3762266540044318 0.05587211142766698 
0.01249487914789021 0.4848422777550184 0.4278984022941417 0.07476444080294961 
0.07432432432432433 0.31756756756756754 0.3310810810810811 0.27702702702702703 
0.13636363636363635 0.5909090909090909 0.13636363636363635 0.13636363636363635 
0.038461538461538464 0.21794871794871795 0.2948717948717949 0.44871794871794873 
0.00834597875569044 0.13277693474962063 0.38315629742033386 0.4757207890743551 
0.005075593952483802 0.0990280777537797 0.3949244060475162 0.5009719222462203 
0.005701451278507256 0.04751209398756047 0.11489288182446442 0.8318935729094679 
</TABLE>
</DEFINITION>
<DEFINITION>
<FOR>pixel5</FOR>
<GIVEN>pixel6</GIVEN>
<GIVEN>pixel1</GIVEN>
<TABLE>
0.9837067209775967 0.014256619144602852 0.002036659877800407 
0.9871175523349437 0.008051529790660225 0.004830917874396135 
0.9766763848396501 0.014577259475218658 0.008746355685131196 
0.9887429643527205 0.009380863039399626 0.001876172607879925 
0.9758308157099698 0.021148036253776436 0.0030211480362537764 
0.9060493409935789 0.0834741466711727 0.010476512335248395 
0.8477371357718537 0.13477991320520769 0.017482951022938623 
0.7989444584066349 0.18019602915305352 0.020859512440311635 
0.80878461809843 0.15470100546833657 0.036514376433233374 
0.8064329179947841 0.13126629962329758 0.06230078238191829 
0.2663316582914573 0.6013400335008375 0.1323283082077052 
0.19443478260869565 0.6980869565217391 0.10747826086956522 
0.14597544338335608 0.7298772169167803 0.12414733969986358 
0.1638700464119957 0.6351303106033559 0.20099964298464834 
0.21896162528216703 0.4928517682468021 0.28818660647103084 
0.06166868198307134 0.26481257557436516 0.6735187424425635 
0.04910033546813053 0.2400121988411101 0.7108874656907593 
0.02622647331070657 0.21258870718913916 0.7611848195001543 
0.03382987609633858 0.15160796324655437 0.8145621606571071 
0.027881318025943045 0.08781869688385269 0.8842999850902042 
</TABLE>
</DEFINITION>
<DEFINITION>
<FOR>pixel6</FOR>
<GIVEN>pixel28</GIVEN>
<GIVEN>pixel33</GIVEN>
<TABLE>
0.10974195418962018 0.729341838213975 0.08161786024934764 0.07929834734705712 
0.08416149068322981 0.6046583850931677 0.16677018633540372 0.14440993788819875 
0.07370283018867925 0.5336084905660378 0.1303066037735849 0.2623820754716981 
0.08574610244988864 0.4799554565701559 0.09688195991091314 0.3374164810690423 
0.04034922133081642 0.5316186880604058 0.23902784332232185 0.18900424728645587 
0.026337792642140468 0.5065496098104794 0.2746655518394649 0.19244704570791527 
0.03667806917521855 0.4182820220448499 0.2559863169897377 0.28905359179019385 
0.03231292517006803 0.4064625850340136 0.14002267573696145 0.4212018140589569 
0.021296296296296296 0.3398148148148148 0.18425925925925926 0.4546296296296296 
0.019309778142974528 0.3266228430566968 0.2304847986852917 0.42358258011503697 
0.019031781226903178 0.30284552845528456 0.20048041389504803 0.47764227642276424 
0.022344013490725127 0.30986509274873525 0.15472175379426645 0.5130691399662732 
0.026785714285714284 0.2895408163265306 0.10841836734693877 0.5752551020408163 
0.019014084507042252 0.29788732394366196 0.1359154929577465 0.5471830985915493 
0.016373991457047935 0.2560512577123873 0.12173706691979118 0.6058376839107736 
0.015900649953574746 0.2018337975858867 0.09435933147632312 0.6879062209842154 
</TABLE>
</DEFINITION>
<DEFINITION>
<FOR>pixel7</FOR>
<GIVEN>pixel5</GIVEN>
<GIVEN>pixel6</GIVEN>
<TABLE>
0.9995610184372257 4.389815627743635E-4 
0.9684478117834713 0.03155218821652876 
0.4428891377379619 0.5571108622620381 
0.1643646408839779 0.835635359116022 
0.8846153846153846 0.11538461538461539 
0.3821788040260509 0.6178211959739491 
0.01796313651983755 0.9820368634801625 
0.009198813056379823 0.9908011869436202 
0.8333333333333334 0.16666666666666666 
0.1913946587537092 0.8086053412462908 
0.003117206982543641 0.9968827930174564 
0.001225633243842652 0.9987743667561574 
</TABLE>
</DEFINITION>
<DEFINITION>
<FOR>pixel8</FOR>
<GIVEN>pixel6</GIVEN>
<GIVEN>pixel20</GIVEN>
<TABLE>
0.9859044635865309 0.01331245105716523 7.830853563038371E-4 
0.9669172932330827 0.031578947368421054 0.0015037593984962407 
0.9407008086253369 0.05660377358490566 0.0026954177897574125 
0.4122510334460729 0.5745960165351371 0.013152950018789928 
0.21940583265194877 0.7543381484509858 0.026256018897065504 
0.08699397071490095 0.8325198583596516 0.08048617092544741 
0.006535947712418301 0.4466230936819172 0.5468409586056645 
0.0018975332068311196 0.3563567362428843 0.6417457305502846 
1.4923145799134458E-4 0.20728249514997762 0.7925682733920311 
0.0017574692442882249 0.06854130052724078 0.929701230228471 
2.9197080291970805E-4 0.03240875912408759 0.9672992700729927 
5.8014735742878694E-5 0.009340372454603469 0.9906016128096536 
</TABLE>
</DEFINITION>
<DEFINITION>
<FOR>pixel9</FOR>
<GIVEN>pixel5</GIVEN>
<GIVEN>pixel6</GIVEN>
<TABLE>
0.7130320315928038 0.2786309784993418 0.008336989907854322 
0.07939989034541195 0.9070926581269002 0.013507451527687784 
0.03077783995523223 0.9451594851706772 0.024062674874090653 
0.0703448275862069 0.8675862068965517 0.06206896551724138 
0.037037037037037035 0.48148148148148145 0.48148148148148145 
2.959455460195324E-4 0.6726842261023972 0.32701982835158333 
4.6853037638606906E-4 0.6289239419022333 0.3706075277213806 
0.0014832393948383269 0.5651142094334025 0.43340255117175913 
0.14285714285714285 0.7142857142857143 0.14285714285714285 
0.0014814814814814814 0.09037037037037036 0.9081481481481481 
6.230529595015577E-4 0.05669781931464175 0.9426791277258567 
5.8360081704114384E-5 0.03414064779690692 0.9658009921213889 
</TABLE>
</DEFINITION>
<DEFINITION>
<FOR>pixel10</FOR>
<GIVEN>pixel11</GIVEN>
<GIVEN>pixel22</GIVEN>
<TABLE>
0.7288801571709234 0.2678454485920105 0.0019646365422396855 6.548788474132286E-4 6.548788474132286E-4 
0.7286432160804021 0.2629815745393635 0.005025125628140704 0.0016750418760469012 0.0016750418760469012 
0.6470588235294118 0.17647058823529413 0.058823529411764705 0.058823529411764705 0.058823529411764705 
0.008654833504474109 0.7537528727201603 0.22771502616008998 0.009730575521979366 1.4669209329617132E-4 
0.0038922621827806323 0.593647828117702 0.3825315273236805 0.019668898230318126 2.5948414551870883E-4 
0.016042780748663103 0.5828877005347594 0.37254901960784315 0.0196078431372549 0.008912655971479501 
2.1528525296017224E-4 0.019590958019375673 0.2869752421959096 0.6258342303552207 0.0673842841765339 
1.295840352468576E-4 0.009977970714008034 0.25100427627316313 0.6680057016975509 0.0708824672800311 
0.0026246719160104987 0.0026246719160104987 0.1968503937007874 0.5433070866141733 0.2545931758530184 
0.0013315579227696406 0.0013315579227696406 0.0039946737683089215 0.033288948069241014 0.9600532623169108 
8.952551477170994E-4 8.952551477170994E-4 0.0026857654431512983 0.02954341987466428 0.9659803043867502 
0.0022371364653243847 0.0022371364653243847 0.0022371364653243847 0.020134228187919462 0.9731543624161074 
</TABLE>
</DEFINITION>
<DEFINITION>
<FOR>pixel11</FOR>
<GIVEN>emotion</GIVEN>
<GIVEN>pixel12</GIVEN>
<TABLE>
0.06433073785687801 0.7484241750092696 0.1622172784575454 0.02502780867630701 
0.023333333333333334 0.5395238095238095 0.3823809523809524 0.05476190476190476 
0.007352941176470588 0.375 0.2916666666666667 0.32598039215686275 
0.009191176470588236 0.7775735294117647 0.18566176470588236 0.027573529411764705 
0.02348993288590604 0.5536912751677853 0.31208053691275167 0.11073825503355705 
0.045454545454545456 0.4090909090909091 0.3181818181818182 0.22727272727272727 
0.05255795363709033 0.7244204636290967 0.19084732214228617 0.032174260591526775 
0.014140681653372008 0.5478607686729514 0.3934010152284264 0.04459753444525018 
0.005660377358490566 0.35283018867924526 0.30377358490566037 0.33773584905660375 
0.03420038535645472 0.8070327552986513 0.14344894026974953 0.015317919075144508 
0.021061742642815927 0.6269474899019042 0.32054241200230815 0.03144835545297173 
0.0020161290322580645 0.4737903225806452 0.3125 0.21169354838709678 
0.048144013396595034 0.7989115266536422 0.13494278537538376 0.018001674574379012 
0.020281456953642384 0.6303807947019867 0.31912251655629137 0.030215231788079472 
0.014619883040935672 0.47076023391812866 0.28362573099415206 0.2309941520467836 
0.06190200057987823 0.7641345317483329 0.1610611771527979 0.012902290518991012 
0.02180566182096404 0.6392501912777353 0.31866870696250954 0.020275439938791124 
0.02100840336134454 0.49159663865546216 0.2815126050420168 0.20588235294117646 
0.026916802610114192 0.709352909189777 0.21071234366503536 0.05301794453507341 
0.006029684601113173 0.4615027829313544 0.4559369202226345 0.07653061224489796 
0.0016778523489932886 0.313758389261745 0.32046979865771813 0.3640939597315436 
</TABLE>
</DEFINITION>
<DEFINITION>
<FOR>pixel12</FOR>
<GIVEN>emotion</GIVEN>
<GIVEN>pixel22</GIVEN>
<TABLE>
0.845859524460235 0.13418966930855425 0.019950806231210712 
0.5639950678175093 0.3884093711467324 0.04759556103575832 
0.05945945945945946 0.1783783783783784 0.7621621621621621 
0.8018018018018018 0.16516516516516516 0.03303303303303303 
0.5238095238095238 0.45904761904761904 0.017142857142857144 
0.3333333333333333 0.3333333333333333 0.3333333333333333 
0.7990430622009569 0.17421896988460456 0.026737967914438502 
0.47775542141739324 0.4719427677174156 0.05030181086519115 
0.10266159695817491 0.10266159695817491 0.7946768060836502 
0.8845198070457535 0.10510159333430785 0.010378599619938606 
0.5984901439955264 0.371172934433105 0.030336921571368657 
0.13623188405797101 0.263768115942029 0.6 
0.8524792659255338 0.13569790012352215 0.011822833950944063 
0.5674748959098702 0.3940729855498408 0.038452118540289 
0.09941520467836257 0.21637426900584794 0.6842105263157895 
0.8732240437158469 0.11737704918032787 0.009398907103825137 
0.5724220147029605 0.4047287899860918 0.022849195310947746 
0.1510791366906475 0.2805755395683453 0.5683453237410072 
0.7757553694939935 0.18602111394248272 0.038223516563523845 
0.4525007398638651 0.46788990825688076 0.07960935187925422 
0.05647840531561462 0.20930232558139536 0.7342192691029901 
</TABLE>
</DEFINITION>
<DEFINITION>
<FOR>pixel13</FOR>
<GIVEN>pixel14</GIVEN>
<GIVEN>pixel10</GIVEN>
<TABLE>
0.9695796460176991 0.020464601769911505 0.008296460176991151 0.00165929203539823 
0.8848691609807303 0.09541126190297668 0.019082252380595337 6.373247356976831E-4 
0.5133779264214047 0.40613154960981046 0.07748049052396878 0.0030100334448160534 
0.48380566801619435 0.2651821862348178 0.23819163292847503 0.01282051282051282 
0.2409090909090909 0.2318181818181818 0.4318181818181818 0.09545454545454546 
0.5 0.07142857142857142 0.35714285714285715 0.07142857142857142 
0.15080645161290324 0.4056451612903226 0.4346774193548387 0.008870967741935484 
0.07032667876588022 0.43935269207501515 0.4862371445856019 0.004083484573502722 
0.04824324324324324 0.11716216216216216 0.7858108108108108 0.048783783783783785 
0.03690303907380608 0.11070911722141824 0.4204052098408104 0.4319826338639653 
0.25 0.25 0.25 0.25 
0.125 0.125 0.625 0.125 
0.21428571428571427 0.07142857142857142 0.07142857142857142 0.6428571428571429 
0.06521739130434782 0.021739130434782608 0.1956521739130435 0.717391304347826 
0.00933997509339975 0.011830635118306352 0.08156911581569116 0.8972602739726028 
</TABLE>
</DEFINITION>
<DEFINITION>
<FOR>pixel14</FOR>
<GIVEN>pixel10</GIVEN>
<GIVEN>pixel21</GIVEN>
<TABLE>
0.9971850809289233 0.00211118930330753 7.037297677691766E-4 
0.9927797833935018 0.0036101083032490976 0.0036101083032490976 
0.92 0.072 0.008 
0.3333333333333333 0.3333333333333333 0.3333333333333333 
0.9768128622990265 0.023077764409931093 1.0937329104232747E-4 
0.9690646043069538 0.030868724581638776 6.667111140742716E-5 
0.8485737136763529 0.1500933084510797 0.0013329778725673154 
0.8620689655172413 0.10344827586206896 0.034482758620689655 
0.7501847745750185 0.24907612712490762 7.390983000739098E-4 
0.717486604968339 0.28235103101152786 1.623640201331385E-4 
0.4357312055853385 0.5628973943398579 0.0013714000748036405 
0.6507936507936508 0.3333333333333333 0.015873015873015872 
0.38742393509127787 0.6105476673427992 0.002028397565922921 
0.3423728813559322 0.6561743341404358 0.0014527845036319612 
0.08991474987936304 0.9060640180151198 0.00402123210551713 
0.16339869281045752 0.7254901960784313 0.1111111111111111 
0.29559748427672955 0.48427672955974843 0.22012578616352202 
0.15110356536502548 0.5925297113752123 0.2563667232597623 
0.050187265917602995 0.5790262172284644 0.3707865168539326 
0.015111111111111112 0.16266666666666665 0.8222222222222222 
</TABLE>
</DEFINITION>
<DEFINITION>
<FOR>pixel15</FOR>
<GIVEN>emotion</GIVEN>
<TABLE>
0.013299556681443952 0.0915769474350855 0.2577580747308423 0.35275490816972765 0.2846105129829006 
0.003500583430571762 0.03617269544924154 0.2322053675612602 0.32555425904317387 0.4025670945157526 
0.0059143029571514785 0.07374773687386843 0.23862401931200966 0.3610138805069403 0.3207000603500302 
3.487966515521451E-4 0.038437391001046387 0.16832926403906523 0.35486571328915245 0.4380188350191838 
0.0011092064132298073 0.04245235454270445 0.2542099425229404 0.37299586568518706 0.3292326308359383 
0.004208149440624038 0.09699271271682233 0.3022682951862876 0.34209175818536386 0.2544390844709022 
0.007317452903627588 0.15117546317919975 0.2642067569671493 0.26327261404328195 0.3140277129067414 
</TABLE>
</DEFINITION>
<DEFINITION>
<FOR>pixel16</FOR>
<GIVEN>pixel15</GIVEN>
<GIVEN>pixel18</GIVEN>
<TABLE>
0.9487179487179487 0.035897435897435895 0.005128205128205128 0.005128205128205128 0.005128205128205128 
0.8378378378378378 0.08108108108108109 0.02702702702702703 0.02702702702702703 0.02702702702702703 
0.5238095238095238 0.23809523809523808 0.14285714285714285 0.047619047619047616 0.047619047619047616 
0.7142857142857143 0.14285714285714285 0.047619047619047616 0.047619047619047616 0.047619047619047616 
0.7940199335548173 0.1946843853820598 0.007308970099667774 0.0033222591362126247 6.64451827242525E-4 
0.5866414618777568 0.39382482671707625 0.014492753623188406 0.00315059861373661 0.001890359168241966 
0.5322777101096224 0.40316686967113274 0.05237515225334957 0.010962241169305725 0.001218026796589525 
0.3371104815864023 0.43342776203966005 0.11048158640226628 0.08781869688385269 0.031161473087818695 
0.22880583409298086 0.6536007292616226 0.097538742023701 0.010027347310847767 0.010027347310847767 
0.05308861259127689 0.7959344779948687 0.12966252220248667 0.015196368659956582 0.0061180185514110915 
0.021674008810572687 0.6225550660792951 0.31383259911894273 0.035066079295154186 0.006872246696035243 
0.016828148903620603 0.4462009178990311 0.3625701172870984 0.10861805201427843 0.06578276389597144 
0.05930470347648262 0.3047034764826176 0.4110429447852761 0.17791411042944785 0.04703476482617587 
0.022121896162528215 0.23792325056433408 0.4997742663656885 0.19548532731376975 0.04469525959367946 
0.0026457826224997355 0.08117261085829189 0.5411154619536459 0.3233146364694677 0.05175150809609483 
6.472491909385113E-4 0.039482200647249194 0.303042071197411 0.4666666666666667 0.19016181229773463 
0.046632124352331605 0.05699481865284974 0.10880829015544041 0.19170984455958548 0.5958549222797928 
0.008894536213468869 0.054637865311308764 0.10292249047013977 0.28081321473951715 0.5527318932655655 
0.0020307513780098638 0.01943719176095155 0.08616187989556136 0.29213809109370464 0.6002320858717726 
3.361344537815126E-4 0.004773109243697479 0.02211764705882353 0.14339495798319327 0.8293781512605042 
</TABLE>
</DEFINITION>
<DEFINITION>
<FOR>pixel17</FOR>
<GIVEN>emotion</GIVEN>
<GIVEN>pixel15</GIVEN>
<TABLE>
0.7314814814814815 0.08333333333333333 0.027777777777777776 0.1574074074074074 
0.4834710743801653 0.21349862258953167 0.21074380165289255 0.09228650137741047 
0.11530912659470069 0.2222767419038273 0.47939156035328756 0.1830225711481845 
0.03837876614060258 0.05200860832137733 0.4164275466284075 0.4931850789096126 
0.01911111111111111 0.008444444444444444 0.132 0.8404444444444444 
0.5 0.16666666666666666 0.16666666666666666 0.16666666666666666 
0.3235294117647059 0.14705882352941177 0.38235294117647056 0.14705882352941177 
0.11386138613861387 0.19306930693069307 0.4900990099009901 0.20297029702970298 
0.024822695035460994 0.0673758865248227 0.34397163120567376 0.5638297872340425 
0.02586206896551724 0.0028735632183908046 0.14655172413793102 0.8247126436781609 
0.8269230769230769 0.057692307692307696 0.057692307692307696 0.057692307692307696 
0.503257328990228 0.1970684039087948 0.1970684039087948 0.10260586319218241 
0.1409090909090909 0.18131313131313131 0.4762626262626263 0.2015151515151515 
0.047762191048764197 0.04909819639278557 0.3997995991983968 0.5033400133600534 
0.02819548872180451 0.03195488721804511 0.12368421052631579 0.8161654135338345 
0.625 0.125 0.125 0.125 
0.43862815884476536 0.16787003610108303 0.26534296028880866 0.12815884476534295 
0.06995033112582781 0.18004966887417218 0.5376655629139073 0.2123344370860927 
0.01355599214145383 0.029273084479371315 0.3711198428290766 0.5860510805500982 
0.008755173511620503 0.0062082139446036294 0.08771092008914358 0.8973256924546322 
0.7857142857142857 0.07142857142857142 0.07142857142857142 0.07142857142857142 
0.5212264150943396 0.23349056603773585 0.20047169811320756 0.04481132075471698 
0.08518225039619651 0.21354992076069731 0.5249603803486529 0.17630744849445326 
0.02025931928687196 0.0526742301458671 0.37682333873581847 0.5502431118314425 
0.006425948592411261 0.013769889840881273 0.11964504283965728 0.8601591187270502 
0.7954545454545454 0.06818181818181818 0.11363636363636363 0.022727272727272728 
0.5643459915611815 0.2120253164556962 0.169831223628692 0.05379746835443038 
0.15637720488466758 0.22150610583446403 0.45420624151967437 0.16791044776119404 
0.02907673860911271 0.05845323741007194 0.4115707434052758 0.5008992805755396 
0.007655116841257051 0.01813053988718775 0.14222401289282838 0.8319903303787268 
0.78 0.1 0.06 0.06 
0.4856262833675565 0.175564681724846 0.21252566735112938 0.12628336755646818 
0.2311764705882353 0.12529411764705883 0.40647058823529414 0.23705882352941177 
0.09976387249114523 0.06316410861865407 0.32880755608028334 0.5082644628099173 
0.022277227722772276 0.031188118811881188 0.14108910891089108 0.8054455445544555 
</TABLE>
</DEFINITION>
<DEFINITION>
<FOR>pixel18</FOR>
<GIVEN>pixel17</GIVEN>
<GIVEN>pixel15</GIVEN>
<TABLE>
0.9009433962264151 0.07075471698113207 0.02358490566037736 0.0047169811320754715 
0.6406542056074767 0.30700934579439254 0.03785046728971963 0.014485981308411215 
0.5028216704288939 0.440744920993228 0.044582392776523705 0.011851015801354402 
0.552710843373494 0.36596385542168675 0.058734939759036146 0.022590361445783132 
0.5340909090909091 0.3977272727272727 0.04924242424242424 0.01893939393939394 
0.05 0.65 0.15 0.15 
0.12945368171021376 0.7446555819477435 0.10570071258907364 0.020190023752969122 
0.056919642857142856 0.8069196428571429 0.12462797619047619 0.011532738095238096 
0.05555555555555555 0.6761006289308176 0.24423480083857443 0.02410901467505241 
0.0782312925170068 0.6632653061224489 0.19387755102040816 0.06462585034013606 
0.07142857142857142 0.5 0.35714285714285715 0.07142857142857142 
0.021493212669683258 0.3201357466063348 0.5690045248868778 0.08936651583710407 
0.0061469265367316344 0.3077961019490255 0.6382308845577211 0.04782608695652174 
0.007174536916253587 0.15953561179232978 0.7530654839551265 0.08022436733629011 
0.005767524401064774 0.16637089618456077 0.6650399290150842 0.16282165039929014 
0.041666666666666664 0.041666666666666664 0.2916666666666667 0.625 
0.012626262626262626 0.047979797979797977 0.3712121212121212 0.5681818181818182 
0.004126031507876969 0.023630907726931733 0.37621905476369094 0.5960240060015004 
0.0012275731822474032 0.009726156751652502 0.3213408876298395 0.6677053824362607 
9.098629139876258E-4 0.006732985563508431 0.11385417930365159 0.8785029722188523 
</TABLE>
</DEFINITION>
<DEFINITION>
<FOR>pixel19</FOR>
<GIVEN>pixel15</GIVEN>
<GIVEN>pixel1</GIVEN>
<TABLE>
0.9659090909090909 0.011363636363636364 0.011363636363636364 0.011363636363636364 
