<?xml version="1.0"?>
<!-- DTD for the XMLBIF 0.3 format -->
<!DOCTYPE BIF [
	<!ELEMENT BIF ( NETWORK )*>
	      <!ATTLIST BIF VERSION CDATA #REQUIRED>
	<!ELEMENT NETWORK ( NAME, ( PROPERTY | VARIABLE | DEFINITION )* )>
	<!ELEMENT NAME (#PCDATA)>
	<!ELEMENT VARIABLE ( NAME, ( OUTCOME |  PROPERTY )* ) >
	      <!ATTLIST VARIABLE TYPE (nature|decision|utility) "nature">
	<!ELEMENT OUTCOME (#PCDATA)>
	<!ELEMENT DEFINITION ( FOR | GIVEN | TABLE | PROPERTY )* >
	<!ELEMENT FOR (#PCDATA)>
	<!ELEMENT GIVEN (#PCDATA)>
	<!ELEMENT TABLE (#PCDATA)>
	<!ELEMENT PROPERTY (#PCDATA)>
]>


<BIF VERSION="0.3">
<NETWORK>
<NAME>faces-weka.filters.supervised.attribute.Discretize-Rfirst-last-precision6-weka.filters.unsupervised.attribute.ReplaceMissingValues</NAME>
<VARIABLE TYPE="nature">
<NAME>emotion</NAME>
<OUTCOME>angry</OUTCOME>
<OUTCOME>disgust</OUTCOME>
<OUTCOME>fear</OUTCOME>
<OUTCOME>happy</OUTCOME>
<OUTCOME>neutral</OUTCOME>
<OUTCOME>sad</OUTCOME>
<OUTCOME>surprise</OUTCOME>
</VARIABLE>
<VARIABLE TYPE="nature">
<NAME>pixel0</NAME>
<OUTCOME>&apos;\&apos;(-inf-0.448039]\&apos;&apos;</OUTCOME>
<OUTCOME>&apos;\&apos;(0.448039-0.680882]\&apos;&apos;</OUTCOME>
<OUTCOME>&apos;\&apos;(0.680882-0.77549]\&apos;&apos;</OUTCOME>
<OUTCOME>&apos;\&apos;(0.77549-inf)\&apos;&apos;</OUTCOME>
</VARIABLE>
<VARIABLE TYPE="nature">
<NAME>pixel1</NAME>
<OUTCOME>&apos;\&apos;(-inf-0.288235]\&apos;&apos;</OUTCOME>
<OUTCOME>&apos;\&apos;(0.288235-0.532843]\&apos;&apos;</OUTCOME>
<OUTCOME>&apos;\&apos;(0.532843-0.620588]\&apos;&apos;</OUTCOME>
<OUTCOME>&apos;\&apos;(0.620588-0.775]\&apos;&apos;</OUTCOME>
<OUTCOME>&apos;\&apos;(0.775-inf)\&apos;&apos;</OUTCOME>
</VARIABLE>
<VARIABLE TYPE="nature">
<NAME>pixel2</NAME>
<OUTCOME>&apos;\&apos;(-inf-0.569608]\&apos;&apos;</OUTCOME>
<OUTCOME>&apos;\&apos;(0.569608-inf)\&apos;&apos;</OUTCOME>
</VARIABLE>
<VARIABLE TYPE="nature">
<NAME>pixel3</NAME>
<OUTCOME>&apos;\&apos;(-inf-0.080392]\&apos;&apos;</OUTCOME>
<OUTCOME>&apos;\&apos;(0.080392-0.492157]\&apos;&apos;</OUTCOME>
<OUTCOME>&apos;\&apos;(0.492157-0.672549]\&apos;&apos;</OUTCOME>
<OUTCOME>&apos;\&apos;(0.672549-inf)\&apos;&apos;</OUTCOME>
</VARIABLE>
<VARIABLE TYPE="nature">
<NAME>pixel4</NAME>
<OUTCOME>&apos;\&apos;(-inf-0.018137]\&apos;&apos;</OUTCOME>
<OUTCOME>&apos;\&apos;(0.018137-0.348039]\&apos;&apos;</OUTCOME>
<OUTCOME>&apos;\&apos;(0.348039-0.733824]\&apos;&apos;</OUTCOME>
<OUTCOME>&apos;\&apos;(0.733824-0.972059]\&apos;&apos;</OUTCOME>
<OUTCOME>&apos;\&apos;(0.972059-inf)\&apos;&apos;</OUTCOME>
</VARIABLE>
<VARIABLE TYPE="nature">
<NAME>pixel5</NAME>
<OUTCOME>&apos;\&apos;(-inf-0.026961]\&apos;&apos;</OUTCOME>
<OUTCOME>&apos;\&apos;(0.026961-0.323039]\&apos;&apos;</OUTCOME>
<OUTCOME>&apos;\&apos;(0.323039-0.722549]\&apos;&apos;</OUTCOME>
<OUTCOME>&apos;\&apos;(0.722549-0.982843]\&apos;&apos;</OUTCOME>
<OUTCOME>&apos;\&apos;(0.982843-inf)\&apos;&apos;</OUTCOME>
</VARIABLE>
<VARIABLE TYPE="nature">
<NAME>pixel6</NAME>
<OUTCOME>&apos;\&apos;(-inf-0.081373]\&apos;&apos;</OUTCOME>
<OUTCOME>&apos;\&apos;(0.081373-0.215196]\&apos;&apos;</OUTCOME>
<OUTCOME>&apos;\&apos;(0.215196-0.441667]\&apos;&apos;</OUTCOME>
<OUTCOME>&apos;\&apos;(0.441667-0.708824]\&apos;&apos;</OUTCOME>
<OUTCOME>&apos;\&apos;(0.708824-inf)\&apos;&apos;</OUTCOME>
</VARIABLE>
<VARIABLE TYPE="nature">
<NAME>pixel7</NAME>
<OUTCOME>&apos;\&apos;(-inf-0.006373]\&apos;&apos;</OUTCOME>
<OUTCOME>&apos;\&apos;(0.006373-0.141667]\&apos;&apos;</OUTCOME>
<OUTCOME>&apos;\&apos;(0.141667-0.364216]\&apos;&apos;</OUTCOME>
<OUTCOME>&apos;\&apos;(0.364216-0.607843]\&apos;&apos;</OUTCOME>
<OUTCOME>&apos;\&apos;(0.607843-0.734804]\&apos;&apos;</OUTCOME>
<OUTCOME>&apos;\&apos;(0.734804-inf)\&apos;&apos;</OUTCOME>
</VARIABLE>
<VARIABLE TYPE="nature">
<NAME>pixel8</NAME>
<OUTCOME>&apos;\&apos;(-inf-0.15098]\&apos;&apos;</OUTCOME>
<OUTCOME>&apos;\&apos;(0.15098-0.337255]\&apos;&apos;</OUTCOME>
<OUTCOME>&apos;\&apos;(0.337255-inf)\&apos;&apos;</OUTCOME>
</VARIABLE>
<VARIABLE TYPE="nature">
<NAME>pixel9</NAME>
<OUTCOME>&apos;\&apos;(-inf-0.159314]\&apos;&apos;</OUTCOME>
<OUTCOME>&apos;\&apos;(0.159314-0.503431]\&apos;&apos;</OUTCOME>
<OUTCOME>&apos;\&apos;(0.503431-0.955882]\&apos;&apos;</OUTCOME>
<OUTCOME>&apos;\&apos;(0.955882-inf)\&apos;&apos;</OUTCOME>
</VARIABLE>
<VARIABLE TYPE="nature">
<NAME>pixel10</NAME>
<OUTCOME>&apos;\&apos;(-inf-0.42402]\&apos;&apos;</OUTCOME>
<OUTCOME>&apos;\&apos;(0.42402-0.62598]\&apos;&apos;</OUTCOME>
<OUTCOME>&apos;\&apos;(0.62598-0.77549]\&apos;&apos;</OUTCOME>
<OUTCOME>&apos;\&apos;(0.77549-inf)\&apos;&apos;</OUTCOME>
</VARIABLE>
<VARIABLE TYPE="nature">
<NAME>pixel11</NAME>
<OUTCOME>&apos;\&apos;(-inf-0.411275]\&apos;&apos;</OUTCOME>
<OUTCOME>&apos;\&apos;(0.411275-0.751471]\&apos;&apos;</OUTCOME>
<OUTCOME>&apos;\&apos;(0.751471-0.983333]\&apos;&apos;</OUTCOME>
<OUTCOME>&apos;\&apos;(0.983333-inf)\&apos;&apos;</OUTCOME>
</VARIABLE>
<VARIABLE TYPE="nature">
<NAME>pixel12</NAME>
<OUTCOME>&apos;\&apos;(-inf-0.405882]\&apos;&apos;</OUTCOME>
<OUTCOME>&apos;\&apos;(0.405882-0.564216]\&apos;&apos;</OUTCOME>
<OUTCOME>&apos;\&apos;(0.564216-0.67549]\&apos;&apos;</OUTCOME>
<OUTCOME>&apos;\&apos;(0.67549-0.802941]\&apos;&apos;</OUTCOME>
<OUTCOME>&apos;\&apos;(0.802941-inf)\&apos;&apos;</OUTCOME>
</VARIABLE>
<VARIABLE TYPE="nature">
<NAME>pixel13</NAME>
<OUTCOME>&apos;\&apos;(-inf-0.44902]\&apos;&apos;</OUTCOME>
<OUTCOME>&apos;\&apos;(0.44902-0.648039]\&apos;&apos;</OUTCOME>
<OUTCOME>&apos;\&apos;(0.648039-0.745098]\&apos;&apos;</OUTCOME>
<OUTCOME>&apos;\&apos;(0.745098-inf)\&apos;&apos;</OUTCOME>
</VARIABLE>
<DEFINITION>
<FOR>emotion</FOR>
<TABLE>
0.1372350984728438 0.015306388980793006 0.14127501001271178 0.24923816323332232 0.1725494976230693 0.17129573197276543 0.1131001097044944 
</TABLE>
</DEFINITION>
<DEFINITION>
<FOR>pixel0</FOR>
<GIVEN>emotion</GIVEN>
<GIVEN>pixel7</GIVEN>
<TABLE>
0.775 0.125 0.025 0.075 
0.5524017467248908 0.3034934497816594 0.05895196506550218 0.0851528384279476 
0.5077444336882866 0.3606001936108422 0.08373668925459826 0.047918683446272994 
0.24654654654654654 0.4885885885885886 0.17447447447447448 0.09039039039039039 
0.1119281045751634 0.41094771241830064 0.23774509803921567 0.23937908496732027 
0.12595419847328243 0.26590330788804073 0.2506361323155216 0.3575063613231552 
0.25 0.25 0.25 0.25 
0.2692307692307692 0.19230769230769232 0.34615384615384615 0.19230769230769232 
0.5285714285714286 0.38571428571428573 0.07142857142857142 0.014285714285714285 
0.19602272727272727 0.5710227272727273 0.13352272727272727 0.09943181818181818 
0.03070175438596491 0.4342105263157895 0.2675438596491228 0.2675438596491228 
0.036585365853658534 0.4268292682926829 0.23170731707317074 0.3048780487804878 
0.5681818181818182 0.29545454545454547 0.11363636363636363 0.022727272727272728 
0.40301724137931033 0.38146551724137934 0.09267241379310345 0.12284482758620689 
0.37689804772234275 0.41594360086767895 0.12310195227765727 0.08405639913232105 
0.1527777777777778 0.48433806146572106 0.19828605200945626 0.16459810874704492 
0.09163059163059163 0.3268398268398268 0.30808080808080807 0.27344877344877344 
0.054240631163708086 0.1863905325443787 0.257396449704142 0.5019723865877712 
0.25 0.25 0.25 0.25 
0.5296052631578947 0.28618421052631576 0.09539473684210527 0.08881578947368421 
0.5177147918511957 0.35562444641275465 0.07395925597874226 0.05270150575730735 
0.23700454840805718 0.5258284600389863 0.15058479532163743 0.08658219623131903 
0.10667086217747011 0.43392070484581496 0.24701069855254879 0.21239773442416615 
0.07348111658456485 0.29022988505747127 0.26313628899835795 0.3731527093596059 
0.45 0.25 0.15 0.15 
0.6735537190082644 0.1859504132231405 0.07024793388429752 0.07024793388429752 
0.5093936806148591 0.34286934244235695 0.08155422715627669 0.06618274978650726 
0.156195079086116 0.47473637961335674 0.19046572934973638 0.17860281195079086 
0.054515418502202644 0.2747797356828194 0.29790748898678415 0.3727973568281938 
0.03854166666666667 0.153125 0.20104166666666667 0.6072916666666667 
0.3055555555555556 0.19444444444444445 0.3055555555555556 0.19444444444444445 
0.6117021276595744 0.2783687943262411 0.06560283687943262 0.044326241134751775 
0.4733788395904437 0.37918088737201366 0.08976109215017065 0.05767918088737201 
0.1969178082191781 0.49045988258317025 0.18272994129158512 0.12989236790606654 
0.11974789915966387 0.3172268907563025 0.2976190476190476 0.265406162464986 
0.0773955773955774 0.1928746928746929 0.20270270270270271 0.527027027027027 
0.3 0.3 0.1 0.3 
0.149616368286445 0.32864450127877237 0.20588235294117646 0.31585677749360613 
0.14705882352941177 0.33129855715871254 0.21476137624861266 0.30688124306326303 
0.07762777242044358 0.38910318225650914 0.2463837994214079 0.28688524590163933 
0.04019607843137255 0.22058823529411764 0.29901960784313725 0.44019607843137254 
0.02530120481927711 0.1216867469879518 0.1674698795180723 0.6855421686746987 
</TABLE>
</DEFINITION>
<DEFINITION>
<FOR>pixel1</FOR>
<GIVEN>emotion</GIVEN>
<GIVEN>pixel10</GIVEN>
<TABLE>
0.27864746399499063 0.4226675015654352 0.11333750782717596 0.13838447088290545 0.046963055729492796 
0.09601052170100834 0.451117930732135 0.20473476545374836 0.19947391494958353 0.04866286716352477 
0.050062060405461316 0.2577575506826645 0.2230037236243277 0.3694662805130327 0.09971038477451385 
0.06043613707165109 0.11651090342679128 0.1277258566978193 0.3445482866043614 0.35077881619937695 
0.14074074074074075 0.48148148148148145 0.21481481481481482 0.0962962962962963 0.06666666666666667 
0.050980392156862744 0.4666666666666667 0.15294117647058825 0.23137254901960785 0.09803921568627451 
0.029535864978902954 0.2320675105485232 0.24050632911392406 0.3333333333333333 0.16455696202531644 
0.033210332103321034 0.0996309963099631 0.18081180811808117 0.46863468634686345 0.2177121771217712 
0.1956678700361011 0.40794223826714804 0.15090252707581228 0.16823104693140795 0.07725631768953069 
0.0779510022271715 0.36124721603563476 0.2311804008908686 0.23919821826280624 0.09042316258351893 
0.03960800326663944 0.14659044507962435 0.19477337688852592 0.44385463454471213 0.17517354022049816 
0.0345835362883585 0.07647345348270823 0.08037018996590356 0.3619094008767657 0.446663419386264 
0.23135918193438432 0.4605879846612697 0.1043885811674478 0.14955262036642522 0.054111631870472944 
0.08156481718230632 0.48197391971362824 0.18946560981846075 0.18588596266939403 0.06110969061621069 
0.02460945859191098 0.23646479777444895 0.2360368071902418 0.4080890220415151 0.09479991440188316 
0.02087621287856513 0.09261981770067627 0.07733019700088209 0.4101734783887092 0.3990002940311673 
0.25061064973131414 0.4069369809477284 0.10698583292623351 0.15681485100146556 0.07865168539325842 
0.07411385606874328 0.4013605442176871 0.20300751879699247 0.24024346580737557 0.08127461510920157 
0.022843504943743608 0.1680872826457552 0.15922263893624275 0.46403000340947836 0.18581657006478008 
0.022737819025522042 0.07563805104408353 0.06078886310904873 0.3187935034802784 0.5220417633410673 
0.213253436728939 0.4578780401832922 0.12513218188227002 0.13570673246387027 0.06802960874162849 
0.0771216521458535 0.39335269441755405 0.20296869958050984 0.2371732817037754 0.08938367215230719 
0.05966021335440538 0.21691031212959305 0.1829316475701304 0.39391544843935206 0.14658237850651917 
0.033837293016558675 0.09575233981281497 0.0755939524838013 0.3304535637149028 0.46436285097192226 
0.18234165067178504 0.3742802303262956 0.12476007677543186 0.21689059500959693 0.1017274472168906 
0.037104072398190045 0.29773755656108597 0.2 0.3339366515837104 0.13122171945701358 
0.01826280623608018 0.16169265033407573 0.2 0.4182628062360802 0.2017817371937639 
0.0056753688989784334 0.054861899356791526 0.05561861520998865 0.3106318577374196 0.5732122587968218 
</TABLE>
</DEFINITION>
<DEFINITION>
<FOR>pixel2</FOR>
<GIVEN>pixel3</GIVEN>
<GIVEN>pixel1</GIVEN>
<TABLE>
0.9978540772532188 0.002145922746781116 
0.9954682779456193 0.004531722054380665 
0.9774193548387097 0.02258064516129032 
0.998220640569395 0.0017793594306049821 
0.9888888888888889 0.011111111111111112 
0.9752163650668765 0.024783634933123525 
0.9691188580839967 0.030881141916003295 
0.9440934933670246 0.05590650663297536 
0.9281884335503638 0.07181156644963615 
0.9010714285714285 0.09892857142857144 
0.6417748917748918 0.3582251082251082 
0.5931351114997814 0.4068648885002186 
0.46602288984263235 0.5339771101573677 
0.40883838383838383 0.5911616161616161 
0.45884520884520885 0.5411547911547911 
0.1028169014084507 0.8971830985915493 
0.07891602144133412 0.9210839785586659 
0.04299928926794598 0.9570007107320541 
0.052582285255552585 0.9474177147444475 
0.05441374663072776 0.9455862533692723 
</TABLE>
</DEFINITION>
<DEFINITION>
<FOR>pixel3</FOR>
<GIVEN>emotion</GIVEN>
<GIVEN>pixel8</GIVEN>
<TABLE>
0.21788194444444445 0.5112847222222222 0.1675347222222222 0.1032986111111111 
0.02218430034129693 0.5580204778156996 0.22696245733788395 0.19283276450511946 
0.013448414291449218 0.23705339221196306 0.2623444399839422 0.4871537535126455 
0.09782608695652174 0.5760869565217391 0.11956521739130435 0.20652173913043478 
0.005555555555555556 0.4388888888888889 0.42777777777777776 0.12777777777777777 
0.0048543689320388345 0.11165048543689321 0.27346278317152106 0.610032362459547 
0.1419753086419753 0.5440917107583775 0.16490299823633156 0.1490299823633157 
0.018857142857142857 0.5171428571428571 0.2382857142857143 0.2257142857142857 
0.012404580152671756 0.22767175572519083 0.26164122137404583 0.4982824427480916 
0.1500880281690141 0.5514964788732394 0.1624119718309859 0.13600352112676056 
0.020679886685552408 0.5118980169971672 0.2490084985835694 0.21841359773371105 
0.007862004224360479 0.2331612297582727 0.2777517014785262 0.4812250645388407 
0.1991362763915547 0.5887715930902111 0.11852207293666027 0.0935700575815739 
0.02928416485900217 0.6149674620390455 0.19342010122921185 0.16232827187274043 
0.010453648915187377 0.28303747534516766 0.27080867850098617 0.43570019723865877 
0.19966629588431592 0.553392658509455 0.1418242491657397 0.10511679644048944 
0.0446685878962536 0.5701248799231509 0.21853986551392893 0.16666666666666666 
0.01022117962466488 0.2813337801608579 0.30244638069705093 0.40599865951742625 
0.10056657223796034 0.5538243626062322 0.16572237960339944 0.17988668555240794 
0.008807588075880758 0.5088075880758808 0.23915989159891599 0.24322493224932248 
0.00578168362627197 0.21901017576318224 0.23288621646623497 0.5423219241443108 
</TABLE>
</DEFINITION>
<DEFINITION>
<FOR>pixel4</FOR>
<GIVEN>emotion</GIVEN>
<TABLE>
0.04299302473050095 0.37146480659480025 0.36537729866835766 0.15282181357006974 0.0673430564362714 
0.026047565118912798 0.40656851642129105 0.3522083805209513 0.13023782559456398 0.08493771234428087 
0.0289515830972034 0.3367007515091783 0.36134039669828755 0.19896513490205742 0.07404213379327337 
0.023678144862750578 0.44485576587273873 0.3625759586505553 0.13110288468254522 0.03778724593141021 
0.034197518410168465 0.446787047311611 0.3483304751336629 0.1294260062544134 0.04125895289014426 
0.03952850320089422 0.4108322324966975 0.3726247332588152 0.14744436541001932 0.029570165633573824 
0.014309893829819972 0.32512694260655484 0.32543468225880906 0.2189567625788583 0.11617171872595784 
</TABLE>
</DEFINITION>
<DEFINITION>
<FOR>pixel5</FOR>
<GIVEN>pixel4</GIVEN>
<GIVEN>pixel9</GIVEN>
<TABLE>
0.9000734753857458 0.09772226304188097 7.347538574577516E-4 7.347538574577516E-4 7.347538574577516E-4 
0.850187265917603 0.13108614232209737 0.011235955056179775 0.003745318352059925 0.003745318352059925 
0.808 0.136 0.04 0.008 0.008 
0.5294117647058824 0.29411764705882354 0.058823529411764705 0.058823529411764705 0.058823529411764705 
0.04978922182978238 0.8566708442520223 0.09080551441266947 0.002620485359462231 1.1393414606357525E-4 
0.014500214500214501 0.8071214071214071 0.17614757614757615 0.002145002145002145 8.58000858000858E-5 
0.01640656262505002 0.7398959583833533 0.23569427771108442 0.007603041216486595 4.0016006402561027E-4 
0.05263157894736842 0.7543859649122807 0.15789473684210525 0.017543859649122806 0.017543859649122806 
0.0015022533800701052 0.07761642463695544 0.8227341011517276 0.09564346519779669 0.0025037556334501754 
1.0800302408467438E-4 0.05151744248838967 0.8829247218922129 0.065341829571228 1.0800302408467438E-4 
1.09421162052741E-4 0.04081409344567239 0.8721960827223985 0.08633329685961265 5.47105810263705E-4 
0.005917159763313609 0.14792899408284024 0.7159763313609467 0.10059171597633136 0.029585798816568046 
0.002105263157894737 0.010526315789473684 0.09894736842105263 0.8357894736842105 0.05263157894736842 
4.904364884747426E-4 4.904364884747426E-4 0.14173614516920058 0.8352133398724865 0.022069641981363415 
1.6636167027116953E-4 0.0014972550324405256 0.09166528031941441 0.8985193811345866 0.008151721843287307 
0.002188183807439825 0.002188183807439825 0.11597374179431072 0.8336980306345733 0.045951859956236324 
0.005917159763313609 0.005917159763313609 0.005917159763313609 0.23076923076923078 0.7514792899408284 
0.001652892561983471 0.001652892561983471 0.008264462809917356 0.24297520661157024 0.7454545454545455 
0.0011074197120708748 0.0011074197120708748 0.005537098560354375 0.20930232558139536 0.7829457364341085 
6.49772579597141E-4 6.49772579597141E-4 0.003248862897985705 0.12930474333983105 0.866146848602989 
</TABLE>
</DEFINITION>
<DEFINITION>
<FOR>pixel6</FOR>
<GIVEN>pixel7</GIVEN>
<GIVEN>pixel1</GIVEN>
<TABLE>
0.8947368421052632 0.05263157894736842 0.017543859649122806 0.017543859649122806 0.017543859649122806 
0.8723404255319149 0.06382978723404255 0.02127659574468085 0.02127659574468085 0.02127659574468085 
0.42857142857142855 0.14285714285714285 0.14285714285714285 0.14285714285714285 0.14285714285714285 
0.8518518518518519 0.037037037037037035 0.037037037037037035 0.037037037037037035 0.037037037037037035 
0.6470588235294118 0.058823529411764705 0.17647058823529413 0.058823529411764705 0.058823529411764705 
0.406099518459069 0.5184590690208668 0.04975922953451043 0.024077046548956663 0.0016051364365971107 
0.358659217877095 0.535195530726257 0.09273743016759776 0.01005586592178771 0.0033519553072625698 
0.3353115727002967 0.5489614243323442 0.09198813056379822 0.020771513353115726 0.002967359050445104 
0.3225283630470016 0.5170178282009724 0.11183144246353323 0.04700162074554295 0.0016207455429497568 
0.3698630136986301 0.4684931506849315 0.10136986301369863 0.052054794520547946 0.00821917808219178 
0.021645021645021644 0.37277537277537276 0.5767195767195767 0.027417027417027416 0.001443001443001443 
0.008210180623973728 0.2165663200145959 0.7358146323663565 0.03886152162014231 5.473453749315818E-4 
0.01090909090909091 0.1761038961038961 0.734025974025974 0.07532467532467532 0.0036363636363636364 
0.010048381094157052 0.16486788239672498 0.695571269073316 0.12541868254558988 0.004093784890212133 
0.021143304620203602 0.2153484729835552 0.5880971025841817 0.15896632732967894 0.01644479248238058 
0.005113221329437546 0.056245434623813005 0.5135135135135135 0.4127100073046019 0.01241782322863404 
0.001546899170299536 0.009422022219097173 0.3983968499507805 0.5826184784137252 0.008015750246097596 
0.0010876658690450293 0.0028279312595170763 0.2891015879921688 0.6984990211007178 0.008483793778551229 
0.0011972861513901822 0.006252494346148729 0.22788346414793137 0.7491020353864574 0.01556471996807237 
0.001497454327643007 0.00868523510032944 0.21054207846660677 0.7328541479484876 0.04642108415693321 
0.0029850746268656717 0.0029850746268656717 0.12238805970149254 0.7432835820895523 0.12835820895522387 
0.0019023462270133164 0.0031705770450221942 0.05136334812935954 0.7729866835764109 0.17057704502219403 
6.514657980456026E-4 0.001954397394136808 0.028013029315960912 0.8136807817589576 0.15570032573289902 
2.4324981756263683E-4 0.0012162490878131842 0.02067623449282413 0.7513986864509852 0.2264655801508149 
3.677822728944465E-4 0.0018389113644722325 0.01875689591761677 0.6329532916513424 0.34608311879367415 
0.014925373134328358 0.024875621890547265 0.03482587064676617 0.32338308457711445 0.6019900497512438 
0.0012642225031605564 0.0012642225031605564 0.021491782553729456 0.26422250316055623 0.7117572692793932 
0.0014144271570014145 0.0014144271570014145 0.009900990099009901 0.2164073550212164 0.7708628005657708 
4.3840420868040335E-4 4.3840420868040335E-4 0.003068829460762823 0.15563349408154317 0.8404208680403332 
3.402517863218782E-4 0.001701258931609391 0.00918679823069071 0.10649880911874787 0.8822728819326301 
</TABLE>
</DEFINITION>
<DEFINITION>
<FOR>pixel7</FOR>
<GIVEN>emotion</GIVEN>
<GIVEN>pixel3</GIVEN>
<TABLE>
0.041666666666666664 0.13055555555555556 0.25833333333333336 0.38055555555555554 0.11944444444444445 0.06944444444444445 
0.002541757443718228 0.0766158315177923 0.3271604938271605 0.40050835148874364 0.12309368191721133 0.070079883805374 
0.006834910620399579 0.035226077812828605 0.2844374342797056 0.46319663512092535 0.13722397476340695 0.07308096740273397 
0.0017313019390581717 0.046052631578947366 0.18386426592797783 0.41862880886426596 0.20117728531855955 0.14854570637119113 
0.0625 0.0625 0.4375 0.1875 0.1875 0.0625 
0.004901960784313725 0.04411764705882353 0.44607843137254904 0.36764705882352944 0.09313725490196079 0.04411764705882353 
0.0038461538461538464 0.019230769230769232 0.22692307692307692 0.4576923076923077 0.21923076923076923 0.07307692307692308 
0.002369668246445498 0.026066350710900472 0.12559241706161137 0.36729857819905215 0.35308056872037913 0.12559241706161137 
0.019083969465648856 0.12595419847328243 0.24045801526717558 0.4083969465648855 0.1183206106870229 0.08778625954198473 
0.00772626931567329 0.0673289183222958 0.29175864606328183 0.39919058130978663 0.14091243561442238 0.0930831493745401 
0.005561172901921132 0.05308392315470172 0.23609706774519718 0.49393326592517695 0.1198179979777553 0.09150657229524772 
0.0022026431718061676 0.04499685336689742 0.16393958464443045 0.38231592196349906 0.23127753303964757 0.17526746381371933 
0.002066115702479339 0.04338842975206612 0.2334710743801653 0.3987603305785124 0.2128099173553719 0.10950413223140495 
1.9801980198019803E-4 0.023168316831683168 0.20297029702970298 0.46 0.19663366336633664 0.11702970297029704 
2.763957987838585E-4 0.02183526810392482 0.16334991708126037 0.48175787728026537 0.20149253731343283 0.1312880044223328 
1.9290123456790122E-4 0.01678240740740741 0.10204475308641975 0.36593364197530864 0.26099537037037035 0.25405092592592593 
0.016304347826086956 0.07427536231884058 0.3170289855072464 0.3351449275362319 0.1793478260869565 0.07789855072463768 
6.871278057718735E-4 0.026797984425103068 0.29523591387998166 0.4413650939074668 0.15643609711406323 0.07947778286761338 
0.0023169601482854493 0.020852641334569044 0.206209453197405 0.5333642261353104 0.16543095458758109 0.07182576459684893 
0.0010504201680672268 0.01365546218487395 0.15161064425770307 0.45133053221288516 0.23704481792717086 0.14530812324929973 
0.013565891472868217 0.11046511627906977 0.34689922480620156 0.33527131782945735 0.1065891472868217 0.0872093023255814 
0.004917184265010352 0.07116977225672878 0.3496376811594203 0.3817287784679089 0.1281055900621118 0.06444099378881987 
3.971405877680699E-4 0.049642573471008734 0.3006354249404289 0.465845909451946 0.1282764098490866 0.055202541699761715 
0.003038487508440243 0.03612424037812289 0.21708305199189737 0.4277515192437542 0.187373396353815 0.12862930452397028 
0.026785714285714284 0.22321428571428573 0.25892857142857145 0.3125 0.09821428571428571 0.08035714285714286 
0.0014340344168260039 0.14388145315487572 0.3054493307839388 0.3083173996175908 0.15439770554493307 0.08652007648183556 
6.756756756756757E-4 0.10608108108108108 0.29527027027027025 0.3722972972972973 0.1222972972972973 0.10337837837837838 
0.001058574453069866 0.10550458715596331 0.2459421312632322 0.2974594213126323 0.17819336626676077 0.17184191954834158 
</TABLE>
</DEFINITION>
<DEFINITION>
<FOR>pixel8</FOR>
<GIVEN>pixel9</GIVEN>
<GIVEN>pixel4</GIVEN>
<TABLE>
0.6644591611479028 0.1714495952906549 0.16409124356144222 
0.49811965811965814 0.3264957264957265 0.1753846153846154 
0.45664160401002507 0.3192982456140351 0.22406015037593985 
0.46723044397463004 0.20930232558139536 0.32346723044397463 
0.40119760479041916 0.24550898203592814 0.3532934131736527 
0.15471698113207547 0.18490566037735848 0.660377358490566 
0.09019136702994937 0.38453617094310477 0.5252724620269459 
0.07831910986280652 0.26196391919628387 0.6597169709409095 
0.08394698085419734 0.29995090819833087 0.6161021109474718 
0.16417910447761194 0.3200663349917081 0.5157545605306799 
0.008130081300813009 0.13821138211382114 0.8536585365853658 
0.03404084901882259 0.1013215859030837 0.8646375650780938 
0.02528182116668491 0.07912881689832549 0.8955893619349896 
0.036778166084207024 0.09169578964886005 0.8715260442669329 
0.06326304106548279 0.16537180910099888 0.7713651498335183 
0.06666666666666667 0.06666666666666667 0.8666666666666667 
0.01818181818181818 0.01818181818181818 0.9636363636363636 
0.029940119760479042 0.041916167664670656 0.9281437125748503 
0.03296703296703297 0.07252747252747253 0.8945054945054945 
0.034482758620689655 0.10735198438516591 0.8581652569941445 
</TABLE>
</DEFINITION>
<DEFINITION>
<FOR>pixel9</FOR>
<GIVEN>pixel4</GIVEN>
<TABLE>
0.7736602052451539 0.1499429874572406 0.06898517673888255 0.007411630558722919 
0.381899703987463 0.5071826571478322 0.10861048232631029 0.002307156538394567 
0.09699240802024528 0.45040879890986957 0.4445688144831614 0.008029978586723769 
0.052531786749944236 0.2269685478474236 0.6699754628596921 0.050524202542939996 
0.0515625 0.1878125 0.2809375 0.4796875 
</TABLE>
</DEFINITION>
<DEFINITION>
<FOR>pixel10</FOR>
<GIVEN>emotion</GIVEN>
<GIVEN>pixel13</GIVEN>
<TABLE>
0.4397828232971372 0.31934846989141163 0.17226061204343535 0.0686080947680158 
0.17520723436322533 0.38847023360964583 0.33044461190655616 0.10587792012057272 
0.08726114649681528 0.2554140127388535 0.44012738853503186 0.21719745222929937 
0.06257594167679223 0.1221142162818955 0.3031591737545565 0.5121506682867558 
0.4411764705882353 0.40588235294117647 0.12352941176470589 0.029411764705882353 
0.15845070422535212 0.46830985915492956 0.22887323943661972 0.1443661971830986 
0.040697674418604654 0.11046511627906977 0.4941860465116279 0.3546511627906977 
0.026119402985074626 0.12313432835820895 0.24253731343283583 0.6082089552238806 
0.41951566951566954 0.34971509971509973 0.15455840455840456 0.07621082621082621 
0.18126520681265207 0.4359286293592863 0.289132197891322 0.09367396593673966 
0.10547785547785547 0.22785547785547786 0.4784382284382284 0.18822843822843824 
0.06569630212431156 0.11290322580645161 0.27419354838709675 0.5472069236821401 
0.43326693227091634 0.3761620185922975 0.1457503320053121 0.044820717131474105 
0.13558282208588956 0.401840490797546 0.3674846625766871 0.0950920245398773 
0.0625422582826234 0.1781609195402299 0.5101419878296146 0.2491548343475321 
0.055651672433679356 0.08217993079584775 0.2673010380622837 0.5948673587081892 
0.5478128179043744 0.3056968463886063 0.10630722278738555 0.04018311291963377 
0.17641060503059144 0.4503738953093134 0.3150917743031951 0.058123725356900066 
0.11175236096537251 0.25445960125918154 0.45487932843651624 0.1789087093389297 
0.07620578778135048 0.122508038585209 0.29871382636655947 0.502572347266881 
0.5480549199084668 0.2971014492753623 0.10335621662852784 0.05148741418764302 
0.267601246105919 0.4383177570093458 0.2514018691588785 0.0426791277258567 
0.16722595078299776 0.279082774049217 0.4256152125279642 0.12807606263982102 
0.10797491039426524 0.18503584229390682 0.3095878136200717 0.3974014336917563 
0.4531914893617021 0.3425531914893617 0.15106382978723404 0.05319148936170213 
0.13078034682080925 0.3591040462427746 0.39378612716763006 0.11632947976878613 
0.04452054794520548 0.1541095890410959 0.5157534246575343 0.2856164383561644 
0.019086357947434292 0.06914893617021277 0.2737797246558198 0.6379849812265331 
</TABLE>
</DEFINITION>
<DEFINITION>
<FOR>pixel11</FOR>
<GIVEN>pixel5</GIVEN>
<GIVEN>pixel2</GIVEN>
<TABLE>
0.8242296918767507 0.11974789915966387 0.052521008403361345 0.0035014005602240898 
0.6730279898218829 0.23536895674300254 0.08524173027989822 0.006361323155216285 
0.7297274842140246 0.18602525756065139 0.06505483549351944 0.019192422731804586 
0.6041198501872659 0.2682896379525593 0.10474406991260923 0.022846441947565542 
0.5592686002522068 0.3106647450909746 0.10493604755899838 0.025130607097820213 
0.3813559322033898 0.4015165031222123 0.1713648528099911 0.04576271186440678 
0.4632084095063985 0.26988117001828155 0.22554844606946983 0.04136197440585009 
0.24921630094043887 0.37983281086729365 0.30285614768373387 0.06809474050853362 
0.3340675477239354 0.19162995594713655 0.13582966226138032 0.33847283406754775 
0.21946022727272727 0.25639204545454547 0.19105113636363635 0.3330965909090909 
</TABLE>
</DEFINITION>
<DEFINITION>
<FOR>pixel12</FOR>
<GIVEN>pixel13</GIVEN>
<GIVEN>pixel0</GIVEN>
<TABLE>
0.8317817014446228 0.15270197966827181 0.010165864098448368 0.004815409309791332 5.350454788657035E-4 
0.524036173250833 0.40599714421703953 0.05283198476915754 0.015706806282722512 0.0014278914802475012 
0.559748427672956 0.27044025157232704 0.1320754716981132 0.031446540880503145 0.006289308176100629 
0.543859649122807 0.3333333333333333 0.017543859649122806 0.08771929824561403 0.017543859649122806 
0.27988077496274216 0.5797317436661699 0.11058122205663189 0.02354694485842027 0.0062593144560357675 
0.06647108777889292 0.5386396973674052 0.35474407473172237 0.03651663707249286 0.0036285030494866053 
0.07447698744769875 0.2903765690376569 0.4292887029288703 0.1815899581589958 0.024267782426778243 
0.08463949843260188 0.2601880877742947 0.25391849529780564 0.2601880877742947 0.14106583072100312 
0.04059040590405904 0.2767527675276753 0.3505535055350554 0.2915129151291513 0.04059040590405904 
0.01452663215895809 0.1277341793287694 0.5648689263650025 0.2820170312239105 0.010853230923359493 
0.009415371140792644 0.042259689073790234 0.34398948981826144 0.5883512152397635 0.01598423472739216 
0.012244897959183673 0.08027210884353742 0.2272108843537415 0.5591836734693878 0.12108843537414966 
0.04504504504504504 0.15315315315315314 0.17117117117117117 0.36936936936936937 0.26126126126126126 
0.018389346861128725 0.046290424857324035 0.23652504755865567 0.5459733671528219 0.15282181357006974 
0.004970823427706938 0.017505943375837475 0.0909876810028096 0.7333045169656365 0.15323103522800952 
0.002860242627478055 0.008580727882434165 0.026136699871782226 0.3372127428740507 0.6252095867442549 
</TABLE>
</DEFINITION>
<DEFINITION>
<FOR>pixel13</FOR>
<GIVEN>pixel0</GIVEN>
<GIVEN>pixel7</GIVEN>
<TABLE>
0.8846153846153846 0.0641025641025641 0.038461538461538464 0.01282051282051282 
0.8056910569105691 0.16991869918699187 0.012195121951219513 0.012195121951219513 
0.7829867030344357 0.19996590521650187 0.01176270030685305 0.005284691442209342 
0.6464757709251101 0.32444933920704844 0.020044052863436124 0.009030837004405287 
0.5697167755991286 0.37363834422657954 0.049019607843137254 0.007625272331154684 
0.5176211453744494 0.3370044052863436 0.10792951541850221 0.037444933920704845 
0.46875 0.15625 0.21875 0.15625 
0.11689814814814815 0.5173611111111112 0.2835648148148148 0.08217592592592593 
0.11684339314845024 0.6298939641109299 0.20371125611745514 0.049551386623164766 
0.09071440808634572 0.6003940380332362 0.2538118896693507 0.05507966421106733 
0.06735033259423504 0.49916851441241683 0.3389689578713969 0.09451219512195122 
0.07198443579766536 0.39105058365758755 0.35862516212710766 0.17833981841763943 
0.15 0.15 0.65 0.05 
0.046875 0.059375 0.446875 0.446875 
0.026056338028169014 0.126056338028169 0.44577464788732396 0.40211267605633805 
0.013569457221711132 0.11798528058877644 0.47125114995400186 0.3971941122355106 
0.007415254237288136 0.1105225988700565 0.4127824858757062 0.4692796610169492 
0.015508684863523574 0.10483870967741936 0.34801488833746896 0.5316377171215881 
0.0625 0.0625 0.0625 0.8125 
0.007246376811594203 0.04106280193236715 0.09420289855072464 0.857487922705314 
0.0072 0.0344 0.0728 0.8856 
0.006246281975014872 0.031231409875074362 0.07406305770374777 0.888459250446163 
0.004467353951890034 0.018900343642611683 0.06426116838487972 0.9123711340206185 
0.003331314354936402 0.02998182919442762 0.051181102362204724 0.9155057540884313 
</TABLE>
</DEFINITION>
</NETWORK>
</BIF>
