<?xml version="1.0"?>
<!-- DTD for the XMLBIF 0.3 format -->
<!DOCTYPE BIF [
	<!ELEMENT BIF ( NETWORK )*>
	      <!ATTLIST BIF VERSION CDATA #REQUIRED>
	<!ELEMENT NETWORK ( NAME, ( PROPERTY | VARIABLE | DEFINITION )* )>
	<!ELEMENT NAME (#PCDATA)>
	<!ELEMENT VARIABLE ( NAME, ( OUTCOME |  PROPERTY )* ) >
	      <!ATTLIST VARIABLE TYPE (nature|decision|utility) "nature">
	<!ELEMENT OUTCOME (#PCDATA)>
	<!ELEMENT DEFINITION ( FOR | GIVEN | TABLE | PROPERTY )* >
	<!ELEMENT FOR (#PCDATA)>
	<!ELEMENT GIVEN (#PCDATA)>
	<!ELEMENT TABLE (#PCDATA)>
	<!ELEMENT PROPERTY (#PCDATA)>
]>


<BIF VERSION="0.3">
<NETWORK>
<NAME>faces-weka.filters.supervised.attribute.Discretize-Rfirst-last-precision6-weka.filters.unsupervised.attribute.ReplaceMissingValues</NAME>
<VARIABLE TYPE="nature">
<NAME>emotion</NAME>
<OUTCOME>angry</OUTCOME>
<OUTCOME>disgust</OUTCOME>
<OUTCOME>fear</OUTCOME>
<OUTCOME>happy</OUTCOME>
<OUTCOME>neutral</OUTCOME>
<OUTCOME>sad</OUTCOME>
<OUTCOME>surprise</OUTCOME>
</VARIABLE>
<VARIABLE TYPE="nature">
<NAME>pixel0</NAME>
<OUTCOME>&apos;\&apos;(-inf-0.448039]\&apos;&apos;</OUTCOME>
<OUTCOME>&apos;\&apos;(0.448039-0.680882]\&apos;&apos;</OUTCOME>
<OUTCOME>&apos;\&apos;(0.680882-0.77549]\&apos;&apos;</OUTCOME>
<OUTCOME>&apos;\&apos;(0.77549-inf)\&apos;&apos;</OUTCOME>
</VARIABLE>
<VARIABLE TYPE="nature">
<NAME>pixel1</NAME>
<OUTCOME>&apos;\&apos;(-inf-0.288235]\&apos;&apos;</OUTCOME>
<OUTCOME>&apos;\&apos;(0.288235-0.532843]\&apos;&apos;</OUTCOME>
<OUTCOME>&apos;\&apos;(0.532843-0.620588]\&apos;&apos;</OUTCOME>
<OUTCOME>&apos;\&apos;(0.620588-0.775]\&apos;&apos;</OUTCOME>
<OUTCOME>&apos;\&apos;(0.775-inf)\&apos;&apos;</OUTCOME>
</VARIABLE>
<VARIABLE TYPE="nature">
<NAME>pixel2</NAME>
<OUTCOME>&apos;\&apos;(-inf-0.569608]\&apos;&apos;</OUTCOME>
<OUTCOME>&apos;\&apos;(0.569608-inf)\&apos;&apos;</OUTCOME>
</VARIABLE>
<VARIABLE TYPE="nature">
<NAME>pixel3</NAME>
<OUTCOME>&apos;\&apos;(-inf-0.080392]\&apos;&apos;</OUTCOME>
<OUTCOME>&apos;\&apos;(0.080392-0.492157]\&apos;&apos;</OUTCOME>
<OUTCOME>&apos;\&apos;(0.492157-0.672549]\&apos;&apos;</OUTCOME>
<OUTCOME>&apos;\&apos;(0.672549-inf)\&apos;&apos;</OUTCOME>
</VARIABLE>
<VARIABLE TYPE="nature">
<NAME>pixel4</NAME>
<OUTCOME>&apos;\&apos;(-inf-0.018137]\&apos;&apos;</OUTCOME>
<OUTCOME>&apos;\&apos;(0.018137-0.348039]\&apos;&apos;</OUTCOME>
<OUTCOME>&apos;\&apos;(0.348039-0.733824]\&apos;&apos;</OUTCOME>
<OUTCOME>&apos;\&apos;(0.733824-0.972059]\&apos;&apos;</OUTCOME>
<OUTCOME>&apos;\&apos;(0.972059-inf)\&apos;&apos;</OUTCOME>
</VARIABLE>
<VARIABLE TYPE="nature">
<NAME>pixel5</NAME>
<OUTCOME>&apos;\&apos;(-inf-0.026961]\&apos;&apos;</OUTCOME>
<OUTCOME>&apos;\&apos;(0.026961-0.323039]\&apos;&apos;</OUTCOME>
<OUTCOME>&apos;\&apos;(0.323039-0.722549]\&apos;&apos;</OUTCOME>
<OUTCOME>&apos;\&apos;(0.722549-0.982843]\&apos;&apos;</OUTCOME>
<OUTCOME>&apos;\&apos;(0.982843-inf)\&apos;&apos;</OUTCOME>
</VARIABLE>
<VARIABLE TYPE="nature">
<NAME>pixel6</NAME>
<OUTCOME>&apos;\&apos;(-inf-0.081373]\&apos;&apos;</OUTCOME>
<OUTCOME>&apos;\&apos;(0.081373-0.215196]\&apos;&apos;</OUTCOME>
<OUTCOME>&apos;\&apos;(0.215196-0.441667]\&apos;&apos;</OUTCOME>
<OUTCOME>&apos;\&apos;(0.441667-0.708824]\&apos;&apos;</OUTCOME>
<OUTCOME>&apos;\&apos;(0.708824-inf)\&apos;&apos;</OUTCOME>
</VARIABLE>
<VARIABLE TYPE="nature">
<NAME>pixel7</NAME>
<OUTCOME>&apos;\&apos;(-inf-0.006373]\&apos;&apos;</OUTCOME>
<OUTCOME>&apos;\&apos;(0.006373-0.141667]\&apos;&apos;</OUTCOME>
<OUTCOME>&apos;\&apos;(0.141667-0.364216]\&apos;&apos;</OUTCOME>
<OUTCOME>&apos;\&apos;(0.364216-0.607843]\&apos;&apos;</OUTCOME>
<OUTCOME>&apos;\&apos;(0.607843-0.734804]\&apos;&apos;</OUTCOME>
<OUTCOME>&apos;\&apos;(0.734804-inf)\&apos;&apos;</OUTCOME>
</VARIABLE>
<VARIABLE TYPE="nature">
<NAME>pixel8</NAME>
<OUTCOME>&apos;\&apos;(-inf-0.15098]\&apos;&apos;</OUTCOME>
<OUTCOME>&apos;\&apos;(0.15098-0.337255]\&apos;&apos;</OUTCOME>
<OUTCOME>&apos;\&apos;(0.337255-inf)\&apos;&apos;</OUTCOME>
</VARIABLE>
<VARIABLE TYPE="nature">
<NAME>pixel9</NAME>
<OUTCOME>&apos;\&apos;(-inf-0.159314]\&apos;&apos;</OUTCOME>
<OUTCOME>&apos;\&apos;(0.159314-0.503431]\&apos;&apos;</OUTCOME>
<OUTCOME>&apos;\&apos;(0.503431-0.955882]\&apos;&apos;</OUTCOME>
<OUTCOME>&apos;\&apos;(0.955882-inf)\&apos;&apos;</OUTCOME>
</VARIABLE>
<VARIABLE TYPE="nature">
<NAME>pixel10</NAME>
<OUTCOME>&apos;\&apos;(-inf-0.42402]\&apos;&apos;</OUTCOME>
<OUTCOME>&apos;\&apos;(0.42402-0.62598]\&apos;&apos;</OUTCOME>
<OUTCOME>&apos;\&apos;(0.62598-0.77549]\&apos;&apos;</OUTCOME>
<OUTCOME>&apos;\&apos;(0.77549-inf)\&apos;&apos;</OUTCOME>
</VARIABLE>
<VARIABLE TYPE="nature">
<NAME>pixel11</NAME>
<OUTCOME>&apos;\&apos;(-inf-0.411275]\&apos;&apos;</OUTCOME>
<OUTCOME>&apos;\&apos;(0.411275-0.751471]\&apos;&apos;</OUTCOME>
<OUTCOME>&apos;\&apos;(0.751471-0.983333]\&apos;&apos;</OUTCOME>
<OUTCOME>&apos;\&apos;(0.983333-inf)\&apos;&apos;</OUTCOME>
</VARIABLE>
<VARIABLE TYPE="nature">
<NAME>pixel12</NAME>
<OUTCOME>&apos;\&apos;(-inf-0.405882]\&apos;&apos;</OUTCOME>
<OUTCOME>&apos;\&apos;(0.405882-0.564216]\&apos;&apos;</OUTCOME>
<OUTCOME>&apos;\&apos;(0.564216-0.67549]\&apos;&apos;</OUTCOME>
<OUTCOME>&apos;\&apos;(0.67549-0.802941]\&apos;&apos;</OUTCOME>
<OUTCOME>&apos;\&apos;(0.802941-inf)\&apos;&apos;</OUTCOME>
</VARIABLE>
<VARIABLE TYPE="nature">
<NAME>pixel13</NAME>
<OUTCOME>&apos;\&apos;(-inf-0.44902]\&apos;&apos;</OUTCOME>
<OUTCOME>&apos;\&apos;(0.44902-0.648039]\&apos;&apos;</OUTCOME>
<OUTCOME>&apos;\&apos;(0.648039-0.745098]\&apos;&apos;</OUTCOME>
<OUTCOME>&apos;\&apos;(0.745098-inf)\&apos;&apos;</OUTCOME>
</VARIABLE>
<DEFINITION>
<FOR>emotion</FOR>
<TABLE>
0.1372350984728438 0.015306388980793006 0.14127501001271178 0.24923816323332232 0.1725494976230693 0.17129573197276543 0.1131001097044944 
</TABLE>
</DEFINITION>
<DEFINITION>
<FOR>pixel0</FOR>
<GIVEN>emotion</GIVEN>
<TABLE>
0.3025114155251142 0.40880263825469304 0.1604515474378488 0.128234398782344 
0.21882086167800455 0.47278911564625853 0.16666666666666666 0.1417233560090703 
0.1972646623952686 0.3983489403647117 0.2007146377525875 0.20367175948743224 
0.230720871751886 0.4337105336686225 0.17777312098351494 0.15779547359597654 
0.2226594027441485 0.3687449556093624 0.18230427764326068 0.2262913640032284 
0.28221544715447155 0.3948170731707317 0.16697154471544715 0.1559959349593496 
0.09279778393351801 0.30547860880270855 0.2306863650353955 0.371037242228378 
</TABLE>
</DEFINITION>
<DEFINITION>
<FOR>pixel1</FOR>
<GIVEN>emotion</GIVEN>
<GIVEN>pixel0</GIVEN>
<TABLE>
0.22561741314357472 0.4541649225617413 0.12683131017161992 0.1452490581833403 0.04813729593972373 
0.07220328478462969 0.3213511000929656 0.23644251626898047 0.3027579795475674 0.06724511930585683 
0.04334121355397951 0.21355397951142632 0.16469661150512213 0.39952718676122934 0.17888100866824272 
0.054187192118226604 0.11921182266009853 0.11527093596059114 0.28669950738916256 0.4246305418719212 
0.14720812182741116 0.5329949238578681 0.12690355329949238 0.13705583756345177 0.05583756345177665 
0.026128266033254157 0.28741092636579574 0.25415676959619954 0.334916864608076 0.09738717339667459 
0.033112582781456956 0.2052980132450331 0.12582781456953643 0.4304635761589404 0.2052980132450331 
0.023255813953488372 0.06976744186046512 0.17829457364341086 0.3488372093023256 0.3798449612403101 
0.16510903426791276 0.40809968847352024 0.14890965732087227 0.18130841121495328 0.09657320872274143 
0.06950880444856349 0.26042632066728455 0.23262279888785914 0.3222119246215632 0.1152301513747297 
0.039804041641151255 0.13900796080832822 0.1475811390079608 0.4439681567666871 0.22963870177587262 
0.0356065178032589 0.1007845503922752 0.08267954133977067 0.3264936632468316 0.4544357272178636 
0.2047172664045963 0.5173873601451466 0.11339582703356517 0.12246749319625037 0.042032053220441484 
0.042974408498309996 0.3355866731047803 0.23161113793658458 0.3104780299372284 0.07934975052309673 
0.02550019615535504 0.1463318948607297 0.14790113770105923 0.49391918399372303 0.186347587289133 
0.01723376049491825 0.0958904109589041 0.07114449845338047 0.34776844896155545 0.46796288113124174 
0.21483491632745363 0.4663048394391678 0.1080958842152872 0.13975576662143827 0.0710085933966531 
0.062038808417600434 0.30636786007105765 0.21891227111232578 0.3145668215359388 0.09811423886307734 
0.02816123688569851 0.1529541689674213 0.10877967973495306 0.4875759249033683 0.22252898950855882 
0.03693813974187806 0.08055184690698709 0.06542056074766354 0.31019136626613264 0.5068980863373387 
0.2067601582164689 0.4620640057533261 0.1147069399496584 0.15426105717367852 0.06220783890686803 
0.07688351761378247 0.34893288763178193 0.21470815119568012 0.2697351504242736 0.08974029313448187 
0.054037644201578625 0.21311475409836064 0.1681845780206436 0.3928354584092289 0.17182756527018822 
0.051332033788174136 0.13450292397660818 0.07862248213125406 0.2930474333983106 0.442495126705653 
0.12685337726523888 0.3014827018121911 0.13673805601317957 0.26194398682042835 0.17298187808896212 
0.029663147310206132 0.2066365007541478 0.21769733534439417 0.3695324283559578 0.17647058823529413 
0.011310711909514305 0.10179640718562874 0.13506320691949433 0.46773120425815035 0.28409846972721225 
0.016149068322981366 0.11801242236024845 0.06749482401656315 0.2670807453416149 0.5312629399585921 
</TABLE>
</DEFINITION>
<DEFINITION>
<FOR>pixel2</FOR>
<GIVEN>emotion</GIVEN>
<GIVEN>pixel1</GIVEN>
<TABLE>
0.7329545454545454 0.26704545454545453 
0.597531847133758 0.40246815286624205 
0.46402877697841727 0.5359712230215827 
0.3900943396226415 0.6099056603773585 
0.36133603238866396 0.638663967611336 
0.8478260869565217 0.15217391304347827 
0.5113636363636364 0.48863636363636365 
0.37790697674418605 0.622093023255814 
0.20652173913043478 0.7934782608695652 
0.11538461538461539 0.8846153846153846 
0.7401960784313726 0.25980392156862747 
0.6640211640211641 0.335978835978836 
0.4934210526315789 0.506578947368421 
0.40300230946882215 0.5969976905311778 
0.3307134220072551 0.6692865779927448 
0.754302103250478 0.245697896749522 
0.6603558394160584 0.3396441605839416 
0.5068085106382979 0.49319148936170215 
0.42370945637277296 0.5762905436272271 
0.3304066543438078 0.6695933456561922 
0.854916067146283 0.145083932853717 
0.7718558282208589 0.2281441717791411 
0.6345875542691751 0.3654124457308249 
0.5026333113890717 0.49736668861092825 
0.4489299610894942 0.5510700389105059 
0.8009615384615385 0.19903846153846153 
0.6926203877423389 0.30737961225766103 
0.5141935483870967 0.4858064516129032 
0.43395493395493395 0.566045066045066 
0.39555256064690025 0.6044474393530997 
0.7421052631578947 0.2578947368421053 
0.6669902912621359 0.33300970873786406 
0.5329545454545455 0.46704545454545454 
0.4433035714285714 0.5566964285714285 
0.3322550831792976 0.6677449168207024 
</TABLE>
</DEFINITION>
<DEFINITION>
<FOR>pixel3</FOR>
<GIVEN>emotion</GIVEN>
<GIVEN>pixel2</GIVEN>
<TABLE>
0.08882737795671868 0.6580271766482134 0.2166582788122798 0.036487166582788125 
7.664793050587634E-4 0.034491568727644355 0.2649463464486459 0.6997956055186509 
0.035483870967741936 0.5903225806451613 0.3387096774193548 0.035483870967741936 
0.001736111111111111 0.029513888888888888 0.2621527777777778 0.7065972222222222 
0.06413480885311872 0.6375754527162978 0.2532696177062374 0.04502012072434608 
7.239382239382239E-4 0.04319498069498069 0.23334942084942084 0.7227316602316602 
0.0638097796883396 0.6444116066630844 0.2540300913487372 0.0377485222998388 
7.271669575334497E-4 0.036212914485165795 0.25058173356602675 0.712478184991274 
0.09005287508261732 0.687871777924653 0.19051553205551883 0.03155981493721084 
7.763975155279503E-4 0.05150103519668737 0.25905797101449274 0.6886645962732919 
0.09210526315789473 0.6584354722422494 0.21395097332372026 0.03550829127613554 
2.3277467411545624E-4 0.04818435754189944 0.3088919925512104 0.6426908752327747 
0.0355718085106383 0.6499335106382979 0.2569813829787234 0.05751329787234043 
2.8620492272467084E-4 0.038065254722381224 0.2012020606754436 0.7604464796794504 
</TABLE>
</DEFINITION>
<DEFINITION>
<FOR>pixel4</FOR>
<GIVEN>emotion</GIVEN>
<GIVEN>pixel3</GIVEN>
<TABLE>
0.2200557103064067 0.33147632311977715 0.28690807799442897 0.0807799442896936 0.0807799442896936 
0.03160188884852888 0.4253541590991646 0.3396294950962586 0.1376679985470396 0.06574645840900835 
0.035244608100999476 0.36138874276696475 0.4013677012098895 0.15202524986849028 0.04997369805365597 
0.03775545549012816 0.3307932109456183 0.37512989262209906 0.1770003463803256 0.07932109456182888 
0.2 0.3333333333333333 0.2 0.06666666666666667 0.2 
0.024630541871921183 0.5665024630541872 0.22167487684729065 0.15270935960591134 0.034482758620689655 
0.019305019305019305 0.3745173745173745 0.41312741312741313 0.10424710424710425 0.0888030888030888 
0.030878859857482184 0.34441805225653205 0.37767220902612825 0.14014251781472684 0.10688836104513064 
0.13409961685823754 0.4789272030651341 0.20306513409961685 0.11877394636015326 0.06513409961685823 
0.029076186970923814 0.3986013986013986 0.3338240706661759 0.166728008833272 0.07177033492822966 
0.025796661608497723 0.35154274152756704 0.4142640364188164 0.15022761760242792 0.058168942842690946 
0.02297765187283601 0.26219704123386844 0.3641800440667296 0.26345609065155806 0.08718917217500786 
0.11387163561076605 0.5072463768115942 0.2629399585921325 0.09316770186335403 0.022774327122153208 
0.02356902356902357 0.5218855218855218 0.31313131313131315 0.10675381263616558 0.034660328777975834 
0.019076582803428256 0.4487144042023777 0.4050317943046724 0.10367708045341444 0.023500138236107273 
0.01910090681072738 0.3606019679722169 0.38992861277252555 0.1776963148755547 0.052672197568975496 
0.10707803992740472 0.5245009074410163 0.23411978221415608 0.08892921960072596 0.045372050816696916 
0.03459335624284078 0.49736540664375717 0.3127147766323024 0.10607101947308133 0.049255441008018326 
0.027352804821511357 0.4334724153917478 0.38711172925359294 0.12100139082058414 0.031061659712563746 
0.025569176882661998 0.36322241681260947 0.39474605954465847 0.1796847635726795 0.03677758318739054 
0.1533980582524272 0.5300970873786408 0.21165048543689322 0.08737864077669903 0.017475728155339806 
0.03805332643023557 0.4776080766243852 0.3341962205539736 0.12606782293554233 0.024074553455863318 
0.025029797377830752 0.37544696066746125 0.4302741358760429 0.1410409217322209 0.02820818434644418 
0.034785545423843295 0.3319824383654171 0.4008780817291456 0.19148936170212766 0.040864572779466396 
0.11711711711711711 0.42342342342342343 0.15315315315315314 0.1891891891891892 0.11711711711711711 
0.018651362984218076 0.4050693448110952 0.2682926829268293 0.17742706838833094 0.13055954088952654 
0.004732927653820149 0.30899256254225826 0.3793103448275862 0.21433400946585532 0.09263015551048005 
0.013060360042357924 0.27003176844334625 0.3455700670667137 0.25308859865866573 0.11824920578891635 
</TABLE>
</DEFINITION>
<DEFINITION>
<FOR>pixel5</FOR>
<GIVEN>emotion</GIVEN>
<GIVEN>pixel4</GIVEN>
<TABLE>
0.9067055393586005 0.08454810495626822 0.0029154518950437317 0.0029154518950437317 0.0029154518950437317 
0.03716331401295602 0.8227071258097511 0.1353562904875554 0.004432321854756222 3.4094783498124785E-4 
0.0010398613518197574 0.04610051993067591 0.8620450606585789 0.08838821490467938 0.0024263431542461003 
8.271298593879239E-4 8.271298593879239E-4 0.10835401157981803 0.8610421836228288 0.028949545078577336 
0.001869158878504673 0.001869158878504673 0.009345794392523364 0.1588785046728972 0.8280373831775701 
0.5555555555555556 0.3333333333333333 0.037037037037037035 0.037037037037037035 0.037037037037037035 
0.0027548209366391185 0.7465564738292011 0.24517906336088155 0.0027548209366391185 0.0027548209366391185 
0.0031746031746031746 0.022222222222222223 0.8158730158730159 0.15555555555555556 0.0031746031746031746 
0.008403361344537815 0.008403361344537815 0.09243697478991597 0.8823529411764706 0.008403361344537815 
0.012658227848101266 0.012658227848101266 0.012658227848101266 0.08860759493670886 0.8734177215189873 
0.8493723849372385 0.1297071129707113 0.012552301255230125 0.0041841004184100415 0.0041841004184100415 
0.0339788089148703 0.7990500548045305 0.16331750091340885 0.003288271830471319 3.6536353671903543E-4 
3.4048348655090226E-4 0.04800817160367722 0.8685733741913517 0.08273748723186926 3.4048348655090226E-4 
6.176652254478073E-4 6.176652254478073E-4 0.11550339715873996 0.865348980852378 0.017912291537986413 
0.001652892561983471 0.001652892561983471 0.008264462809917356 0.17024793388429751 0.8181818181818182 
0.8892128279883382 0.09037900874635568 0.014577259475218658 0.0029154518950437317 0.0029154518950437317 
0.021183116271771538 0.825200062764789 0.15016475757100267 0.0032951514200533502 1.5691197238349287E-4 
1.9249278152069297E-4 0.05871029836381136 0.8725697786333012 0.06794995187680462 5.774783445620789E-4 
5.31632110579479E-4 0.001594896331738437 0.1089845826687932 0.8787878787878788 0.010101010101010102 
0.001834862385321101 0.001834862385321101 0.005504587155963303 0.1779816513761468 0.8128440366972477 
0.8367346938775511 0.15451895043731778 0.0029154518950437317 0.0029154518950437317 0.0029154518950437317 
0.023685991427926913 0.8357771260997068 0.13737875028197608 0.002932551319648094 2.2558087074216106E-4 
2.892681515765114E-4 0.050621926525889496 0.8871854208851605 0.06161411628579693 2.892681515765114E-4 
7.77000777000777E-4 0.003885003885003885 0.10023310023310024 0.8865578865578866 0.008547008547008548 
0.002421307506053269 0.002421307506053269 0.002421307506053269 0.18159806295399517 0.8111380145278451 
0.9236641221374046 0.06870229007633588 0.002544529262086514 0.002544529262086514 0.002544529262086514 
0.039288361749444035 0.8191252779836916 0.13862120088954782 0.0027180627625401532 2.4709661477637757E-4 
2.7240533914464724E-4 0.038953963497684554 0.8801416507763552 0.07926995369109234 0.001362026695723236 
6.872852233676976E-4 0.003436426116838488 0.1161512027491409 0.874914089347079 0.004810996563573883 
0.003389830508474576 0.003389830508474576 0.010169491525423728 0.22033898305084745 0.7627118644067796 
0.8350515463917526 0.13402061855670103 0.010309278350515464 0.010309278350515464 0.010309278350515464 
0.024090694378837978 0.7893245158242796 0.18469532357109117 0.0014170996693434106 4.723665564478035E-4 
4.7192071731949034E-4 0.06087777253421425 0.8433223218499292 0.09485606418121756 4.7192071731949034E-4 
7.00770847932726E-4 0.002102312543798178 0.07778556412053259 0.8906797477224947 0.028731604765241767 
0.0013175230566534915 0.0013175230566534915 0.0013175230566534915 0.19104084321475626 0.8050065876152833 
</TABLE>
</DEFINITION>
<DEFINITION>
<FOR>pixel6</FOR>
<GIVEN>emotion</GIVEN>
<GIVEN>pixel1</GIVEN>
<TABLE>
0.11891279728199321 0.24122310305775765 0.38165345413363533 0.21857304643261607 0.039637599093997736 
0.02823061630218688 0.1308151093439364 0.4441351888667992 0.3415506958250497 0.055268389662027836 
0.019382627422828428 0.061019382627422826 0.3065326633165829 0.5233309404163675 0.08973438621679827 
0.018370230805463968 0.045690061234102686 0.22185586434291096 0.5506358926048045 0.16344795101271786 
0.01917255297679112 0.033299697275479316 0.136226034308779 0.46316851664984865 0.3481331987891019 
0.10204081632653061 0.30612244897959184 0.5102040816326531 0.061224489795918366 0.02040816326530612 
0.011235955056179775 0.10861423220973783 0.4681647940074906 0.3408239700374532 0.07116104868913857 
0.005714285714285714 0.06285714285714286 0.22285714285714286 0.6 0.10857142857142857 
0.0035842293906810036 0.010752688172043012 0.17562724014336917 0.6272401433691757 0.1827956989247312 
0.007518796992481203 0.022556390977443608 0.15789473684210525 0.5488721804511278 0.2631578947368421 
0.10894308943089431 0.23252032520325203 0.37886178861788616 0.22926829268292684 0.05040650406504065 
0.03328050713153724 0.1473851030110935 0.45166402535657685 0.3048071843634443 0.06286318013734812 
0.010940919037199124 0.06345733041575492 0.33187454412837347 0.5098468271334792 0.08388037928519329 
0.02191464821222607 0.04805843906189927 0.24490580545943869 0.538638985005767 0.14648212226066898 
0.015087507543753771 0.03922751961375981 0.1623415811707906 0.4411587205793603 0.3421846710923355 
0.03145853193517636 0.20305052430886558 0.45853193517635843 0.2583412774070543 0.04861773117254528 
0.00888990198313198 0.06359699111009802 0.3462502849327559 0.4976065648506952 0.0836562571233189 
0.003824904377390565 0.021674458138546536 0.2222694432639184 0.5962600934976625 0.15597110072248194 
0.0038803926044282126 0.024423647569048162 0.12120520429125771 0.5800045651677699 0.270486190367496 
0.003230272265805261 0.025380710659898477 0.07521919704660822 0.42870327641901246 0.46746654360867557 
0.04420549581839905 0.26642771804062126 0.46236559139784944 0.18996415770609318 0.037037037037037035 
0.009574875526618154 0.08234392952891613 0.5465338950593642 0.32592876292608197 0.03561853695901953 
0.005054151624548736 0.04548736462093863 0.3386281588447653 0.5610108303249097 0.049819494584837545 
0.006905623150279513 0.016770799079250248 0.22788556395922394 0.6139427819796119 0.13449523183163434 
0.004371053909664886 0.014084507042253521 0.1423020883924235 0.5288975230694511 0.3103448275862069 
0.08149568552253116 0.31543624161073824 0.42090124640460214 0.1486097794822627 0.03355704697986577 
0.03405185879412684 0.12339893783192753 0.5057794439237738 0.2983442674164324 0.038425492033739454 
0.012234385061171926 0.08177720540888603 0.3960077269800386 0.4565357372826787 0.05344494526722473 
0.011253395421032208 0.051610399689561506 0.2704695382227396 0.5521924718665114 0.11447419480015522 
0.014122394082044385 0.03160726294552791 0.1620712844653665 0.4485541358439812 0.34364492266308005 
0.15025906735751296 0.2538860103626943 0.41968911917098445 0.16062176165803108 0.015544041450777202 
0.10939012584704744 0.21006776379477252 0.37463697967086157 0.2700871248789932 0.03581800580832527 
0.07587768969422423 0.1347678369195923 0.3363533408833522 0.39071347678369195 0.0622876557191393 
0.043245653143111906 0.13419527418635754 0.29736959429335713 0.386535889433794 0.1386535889433794 
0.04568527918781726 0.11767420396862022 0.20812182741116753 0.3493308721735118 0.27918781725888325 
</TABLE>
</DEFINITION>
<DEFINITION>
<FOR>pixel7</FOR>
<GIVEN>emotion</GIVEN>
<GIVEN>pixel6</GIVEN>
<TABLE>
0.14122137404580154 0.7061068702290076 0.10305343511450382 0.03435114503816794 0.003816793893129771 0.011450381679389313 
0.0013192612137203166 0.27308707124010556 0.6635883905013192 0.059366754617414245 0.0013192612137203166 0.0013192612137203166 
4.0192926045016077E-4 0.01567524115755627 0.5438102893890675 0.4216237942122186 0.013263665594855305 0.00522508038585209 
2.932551319648094E-4 0.007917888563049853 0.05190615835777126 0.6401759530791788 0.267741935483871 0.031964809384164225 
0.0010080645161290322 0.0010080645161290322 0.007056451612903226 0.04536290322580645 0.27923387096774194 0.6663306451612904 
0.08333333333333333 0.5833333333333334 0.08333333333333333 0.08333333333333333 0.08333333333333333 0.08333333333333333 
0.016129032258064516 0.20967741935483872 0.6935483870967742 0.04838709677419355 0.016129032258064516 0.016129032258064516 
0.0038461538461538464 0.019230769230769232 0.6038461538461538 0.36538461538461536 0.0038461538461538464 0.0038461538461538464 
0.002232142857142857 0.002232142857142857 0.020089285714285716 0.5513392857142857 0.3950892857142857 0.029017857142857144 
0.007936507936507936 0.007936507936507936 0.007936507936507936 0.05555555555555555 0.3888888888888889 0.5317460317460317 
0.17982456140350878 0.6798245614035088 0.10964912280701754 0.013157894736842105 0.013157894736842105 0.0043859649122807015 
0.0014285714285714286 0.3442857142857143 0.57 0.06714285714285714 0.01 0.007142857142857143 
4.0816326530612246E-4 0.019183673469387756 0.5253061224489796 0.423265306122449 0.025714285714285714 0.006122448979591836 
2.8169014084507044E-4 0.005915492957746479 0.035211267605633804 0.6250704225352113 0.2740845070422535 0.05943661971830986 
8.237232289950577E-4 8.237232289950577E-4 0.007413509060955519 0.06507413509060955 0.2808896210873147 0.6449752883031301 
0.009433962264150943 0.7452830188679245 0.1792452830188679 0.04716981132075472 0.009433962264150943 0.009433962264150943 
0.00141643059490085 0.2705382436260623 0.6756373937677054 0.046742209631728045 0.00424929178470255 0.00141643059490085 
3.1075201988812925E-4 0.009011808576755749 0.48694841516469856 0.480733374766936 0.020198881292728402 0.0027967681789931634 
1.3646288209606986E-4 6.823144104803493E-4 0.026064410480349343 0.6117631004366813 0.318367903930131 0.04298580786026201 
3.351206434316354E-4 3.351206434316354E-4 0.001675603217158177 0.02982573726541555 0.2603887399463807 0.7074396782841823 
0.15 0.69 0.11 0.03 0.01 0.01 
0.005154639175257732 0.23195876288659795 0.7027491408934707 0.04982817869415808 0.005154639175257732 0.005154639175257732 
3.058103975535168E-4 0.008256880733944955 0.5513761467889908 0.43333333333333335 0.005810397553516819 9.174311926605505E-4 
2.1079258010118043E-4 0.001475548060708263 0.024662731871838112 0.6439713322091062 0.2940556492411467 0.035623946037099494 
8.051529790660225E-4 0.004025764895330112 0.0024154589371980675 0.039452495974235106 0.321256038647343 0.6320450885668277 
0.10984848484848485 0.6931818181818182 0.17045454545454544 0.01893939393939394 0.003787878787878788 0.003787878787878788 
0.0029069767441860465 0.31492248062015504 0.6327519379844961 0.04748062015503876 9.689922480620155E-4 9.689922480620155E-4 
8.305647840531562E-4 0.013565891472868217 0.5672757475083057 0.3978405315614618 0.016888150609080842 0.0035991140642303433 
2.557544757033248E-4 0.0017902813299232737 0.04475703324808184 0.6483375959079284 0.2718670076726343 0.0329923273657289 
9.541984732824427E-4 9.541984732824427E-4 0.008587786259541985 0.060114503816793896 0.28912213740458015 0.6402671755725191 
0.017241379310344827 0.8497536945812808 0.0960591133004926 0.03201970443349754 0.0024630541871921183 0.0024630541871921183 
0.0010615711252653928 0.3895966029723992 0.5700636942675159 0.03078556263269639 0.005307855626326964 0.0031847133757961785 
5.307855626326964E-4 0.030254777070063694 0.557855626326964 0.37208067940552014 0.03237791932059448 0.006900212314225053 
4.385964912280702E-4 0.005701754385964913 0.07149122807017544 0.5600877192982456 0.29605263157894735 0.0662280701754386 
9.881422924901185E-4 9.881422924901185E-4 0.012845849802371542 0.05434782608695652 0.2756916996047431 0.6551383399209486 
</TABLE>
</DEFINITION>
<DEFINITION>
<FOR>pixel8</FOR>
<GIVEN>emotion</GIVEN>
<GIVEN>pixel3</GIVEN>
<TABLE>
0.7030812324929971 0.1092436974789916 0.1876750700280112 
0.21410396219556524 0.35659760087241005 0.42929843693202474 
0.10163243812532911 0.21011058451816747 0.6882569773565034 
0.04124783362218371 0.11750433275563259 0.8412478336221837 
0.6923076923076923 0.07692307692307693 0.23076923076923078 
0.263681592039801 0.39303482587064675 0.34328358208955223 
0.042801556420233464 0.29961089494163423 0.6575875486381323 
0.045346062052505964 0.05489260143198091 0.8997613365155132 
0.6216216216216216 0.1274131274131274 0.25096525096525096 
0.227255985267035 0.3333333333333333 0.4394106813996317 
0.09468354430379747 0.21113924050632912 0.6941772151898734 
0.053228346456692915 0.12440944881889764 0.8223622047244095 
0.7089397089397089 0.15176715176715178 0.1392931392931393 
0.24826629680998613 0.35803447592629284 0.39369922726372103 
0.1020746887966805 0.24315352697095435 0.6547717842323652 
0.059640995946728434 0.14881297046902142 0.7915460335842501 
0.75591985428051 0.14754098360655737 0.0965391621129326 
0.281228512491405 0.38986935594774236 0.32890213156085263 
0.11461716937354989 0.2482598607888631 0.637122969837587 
0.0683491062039958 0.15737819838766212 0.7742726954083421 
0.6998050682261209 0.18128654970760233 0.1189083820662768 
0.2577052577052577 0.30743330743330743 0.43486143486143486 
0.10139165009940358 0.18091451292246521 0.7176938369781312 
0.06387293004393377 0.11726934775261913 0.8188577222034471 
0.6513761467889908 0.11926605504587157 0.22935779816513763 
0.18717089516515079 0.3595021541407372 0.453326950694112 
0.07921462423832092 0.23899796885578875 0.6817874069058903 
0.04486047333097845 0.12681031437654539 0.8283292122924761 
</TABLE>
</DEFINITION>
<DEFINITION>
<FOR>pixel9</FOR>
<GIVEN>emotion</GIVEN>
<GIVEN>pixel4</GIVEN>
<TABLE>
0.6988304093567251 0.22514619883040934 0.049707602339181284 0.02631578947368421 
0.3359481582537517 0.5324010914051842 0.128581173260573 0.0030695770804911324 
0.09951456310679611 0.45319001386962554 0.4330790568654646 0.014216366158113732 
0.050496688741721855 0.2508278145695364 0.6365894039735099 0.062086092715231786 
0.05805243445692884 0.1891385767790262 0.24906367041198502 0.5037453183520599 
0.6538461538461539 0.11538461538461539 0.19230769230769232 0.038461538461538464 
0.35082872928176795 0.5607734806629834 0.0856353591160221 0.0027624309392265192 
0.08598726114649681 0.5382165605095541 0.3662420382165605 0.009554140127388535 
0.0423728813559322 0.2457627118644068 0.635593220338983 0.07627118644067797 
0.038461538461538464 0.24358974358974358 0.47435897435897434 0.24358974358974358 
0.819327731092437 0.09663865546218488 0.07142857142857142 0.012605042016806723 
0.36878654970760233 0.49378654970760233 0.1341374269005848 0.003289473684210526 
0.08821525885558583 0.42268392370572205 0.4792234332425068 0.009877384196185286 
0.05253399258343634 0.226823238566131 0.676761433868974 0.04388133498145859 
0.054635761589403975 0.19370860927152317 0.27980132450331124 0.4718543046357616 
0.7690058479532164 0.1608187134502924 0.06725146198830409 0.0029239766081871343 
0.3752354048964218 0.5139673571876961 0.10875706214689265 0.0020401757689893284 
0.08837119753561802 0.43954562957258375 0.46303427031189837 0.009048902579899884 
0.052659574468085106 0.1898936170212766 0.7037234042553191 0.05372340425531915 
0.05330882352941176 0.13051470588235295 0.2959558823529412 0.5202205882352942 
0.8099415204678363 0.13742690058479531 0.043859649122807015 0.008771929824561403 
0.4347924187725632 0.4871389891696751 0.07468411552346571 0.003384476534296029 
0.14033564814814814 0.4904513888888889 0.36255787037037035 0.006655092592592593 
0.07698289269051321 0.2620528771384137 0.6150855365474339 0.045878693623639194 
0.06553398058252427 0.1966019417475728 0.279126213592233 0.4587378640776699 
0.7627551020408163 0.13520408163265307 0.09948979591836735 0.002551020408163265 
0.3966880869995057 0.4777558082056352 0.12382600098863075 0.0017301038062283738 
0.09400544959128065 0.44168937329700275 0.46130790190735693 0.002997275204359673 
0.054332874828060526 0.20839064649243466 0.6966987620357634 0.0405777166437414 
0.030612244897959183 0.1054421768707483 0.30952380952380953 0.5544217687074829 
0.7604166666666666 0.11458333333333333 0.11458333333333333 0.010416666666666666 
0.34735349716446123 0.5552930056710775 0.0949905482041588 0.0023629489603024575 
0.06468366383380547 0.4461756373937677 0.48111425873465535 0.008026440037771483 
0.034361851332398316 0.24193548387096775 0.6640953716690042 0.05960729312762973 
0.051451187335092345 0.24670184696569922 0.262532981530343 0.4393139841688654 
</TABLE>
</DEFINITION>
<DEFINITION>
<FOR>pixel10</FOR>
<GIVEN>emotion</GIVEN>
<GIVEN>pixel0</GIVEN>
<TABLE>
0.4074539363484087 0.3371021775544389 0.17964824120603015 0.07579564489112228 
0.13918164910105393 0.3592684438933664 0.35802851828890264 0.143521388716677 
0.08911671924290221 0.18217665615141956 0.44873817034700314 0.27996845425867506 
0.0601577909270217 0.08382642998027613 0.2593688362919132 0.596646942800789 
0.39285714285714285 0.44387755102040816 0.09693877551020408 0.0663265306122449 
0.11190476190476191 0.2833333333333333 0.3404761904761905 0.2642857142857143 
0.03333333333333333 0.16666666666666666 0.35333333333333333 0.44666666666666666 
0.0390625 0.1796875 0.1640625 0.6171875 
0.39089775561097256 0.35349127182044887 0.18890274314214464 0.06670822942643391 
0.15667490729295427 0.3711372064276885 0.3377626699629172 0.13442521631644005 
0.08762254901960784 0.19056372549019607 0.4185049019607843 0.30330882352941174 
0.0646135265700483 0.09963768115942029 0.22282608695652173 0.6129227053140096 
0.4056261343012704 0.3856624319419238 0.16606170598911071 0.0426497277676951 
0.11896329684481649 0.33628461043142305 0.41516419832582097 0.12958789439793947 
0.057692307692307696 0.14324960753532182 0.43131868131868134 0.36773940345368916 
0.052608311229000886 0.08001768346595933 0.19672855879752432 0.6706454465075155 
0.5090497737556561 0.34524886877828054 0.11176470588235295 0.033936651583710405 
0.1555494805904866 0.40377255330781847 0.36932750136686715 0.07135046473482777 
0.10220994475138122 0.15966850828729282 0.4458563535911602 0.29226519337016577 
0.07435440783615316 0.11709706144256456 0.2346393588601959 0.5739091718610864 
0.5284172661870503 0.3233812949640288 0.110431654676259 0.03776978417266187 
0.22968106995884774 0.3968621399176955 0.297582304526749 0.07587448559670781 
0.18043742405832322 0.2399756986634265 0.4113001215066829 0.16828675577156743 
0.11508452535760728 0.16970091027308193 0.252925877763329 0.46228868660598177 
0.3811881188118812 0.32838283828382836 0.19306930693069307 0.09735973597359736 
0.09708249496981891 0.28018108651911466 0.43913480885311873 0.1836016096579477 
0.03262316910785619 0.1284953395472703 0.4613848202396804 0.3774966711051931 
0.01946975973487987 0.06420878210439106 0.2323943661971831 0.683927091963546 
</TABLE>
</DEFINITION>
<DEFINITION>
<FOR>pixel11</FOR>
<GIVEN>emotion</GIVEN>
<GIVEN>pixel5</GIVEN>
<TABLE>
0.7617924528301887 0.19103773584905662 0.04481132075471698 0.0023584905660377358 
0.6541149068322981 0.24650621118012422 0.0749223602484472 0.024456521739130436 
0.4639072847682119 0.36258278145695366 0.13013245033112583 0.043377483443708606 
0.3278335724533716 0.35365853658536583 0.27187948350071733 0.046628407460545196 
0.26954732510288065 0.21604938271604937 0.16255144032921812 0.35185185185185186 
0.3888888888888889 0.3888888888888889 0.16666666666666666 0.05555555555555555 
0.6909722222222222 0.2048611111111111 0.09375 0.010416666666666666 
0.5167597765363129 0.3715083798882682 0.09776536312849161 0.013966480446927373 
0.4382716049382716 0.4876543209876543 0.05555555555555555 0.018518518518518517 
0.18055555555555555 0.4305555555555556 0.20833333333333334 0.18055555555555555 
0.8154362416107382 0.1174496644295302 0.05704697986577181 0.010067114093959731 
0.6114406779661017 0.25296610169491524 0.10635593220338983 0.02923728813559322 
0.4132205513784461 0.3718671679197995 0.17261904761904762 0.042293233082706765 
0.2978359908883827 0.34111617312072895 0.30239179954441914 0.058656036446469245 
0.24524714828897337 0.21482889733840305 0.16920152091254753 0.37072243346007605 
0.753393665158371 0.1832579185520362 0.05203619909502263 0.011312217194570135 
0.6979278313683458 0.20882458020721686 0.07806359414076455 0.01518399428367274 
0.5031567870922483 0.3351455629603648 0.1299544019642231 0.0317432479831638 
0.3620527306967985 0.3093220338983051 0.2725988700564972 0.05602636534839925 
0.3111587982832618 0.2296137339055794 0.15665236051502146 0.30257510729613735 
0.7791878172588832 0.1446700507614213 0.07360406091370558 0.0025380710659898475 
0.7138141188420518 0.20086338242762825 0.06424581005586592 0.021076688674454037 
0.4936941671045717 0.3644245927482922 0.12007356805044667 0.021807672096689438 
0.41539528432732314 0.28779472954230234 0.25589459084604715 0.040915395284327326 
0.34770114942528735 0.22701149425287356 0.14080459770114942 0.28448275862068967 
0.7690839694656488 0.15839694656488548 0.06679389312977099 0.0057251908396946565 
0.6581661891117478 0.24613180515759311 0.08853868194842407 0.0071633237822349575 
0.4851160443995964 0.36352169525731587 0.12941473259334005 0.02194752774974773 
0.37134146341463414 0.37378048780487805 0.225 0.029878048780487804 
0.3235294117647059 0.2647058823529412 0.20588235294117646 0.20588235294117646 
0.7089552238805971 0.12686567164179105 0.15671641791044777 0.007462686567164179 
0.7075991189427313 0.15583700440528633 0.08645374449339208 0.05011013215859031 
0.3986899563318777 0.3497816593886463 0.17510917030567685 0.07641921397379912 
0.26851851851851855 0.3154320987654321 0.3055555555555556 0.11049382716049383 
0.23394495412844038 0.19724770642201836 0.16055045871559634 0.40825688073394495 
</TABLE>
</DEFINITION>
<DEFINITION>
<FOR>pixel12</FOR>
<GIVEN>emotion</GIVEN>
<GIVEN>pixel0</GIVEN>
<TABLE>
0.6508999581414818 0.26245290916701547 0.05567182921724571 0.027208036835496024 0.0037672666387609877 
0.08707778122094825 0.3665943600867679 0.3864270220018593 0.14409668422683608 0.01580415246358847 
0.037037037037037035 0.05279747832939322 0.23246650906225375 0.5918045705279747 0.08589440504334121 
0.012807881773399015 0.030541871921182268 0.04827586206896552 0.35172413793103446 0.5566502463054187 
0.6751269035532995 0.25888324873096447 0.04568527918781726 0.015228426395939087 0.005076142131979695 
0.035629453681710214 0.38717339667458434 0.37292161520190026 0.1876484560570071 0.0166270783847981 
0.046357615894039736 0.08609271523178808 0.16556291390728478 0.48344370860927155 0.2185430463576159 
0.023255813953488372 0.03875968992248062 0.023255813953488372 0.3643410852713178 0.5503875968992248 
0.621183800623053 0.2897196261682243 0.06417445482866044 0.021806853582554516 0.003115264797507788 
0.09236947791164658 0.36484399135001544 0.3796725362990423 0.14797652147049736 0.01513747296879827 
0.021432945499081445 0.05327617881200245 0.2063686466625842 0.6191059399877527 0.0998162890385793 
0.009052504526252263 0.02112251056125528 0.0343995171997586 0.3277006638503319 0.6077248038624019 
0.703054127608104 0.24463259752041125 0.03537949803447233 0.015421832476564862 0.0015119443604475356 
0.1118622243682601 0.4237888298728473 0.3487848060518268 0.10606792209882504 0.009496217608240785 
0.01922322479403688 0.08434680266771283 0.3016869360533543 0.5464888191447627 0.04825421734013339 
0.015466195315952275 0.029606716747680072 0.06142288996906761 0.4158197083517455 0.4776844896155546 
0.66078697421981 0.2862957937584803 0.03573043871551334 0.012211668928086838 0.004975124378109453 
0.06586499043454495 0.37031975949713036 0.40858157966657555 0.13582946160153048 0.01940420880021864 
0.014908890115958034 0.05024848150193263 0.2015461071231364 0.6488128106018775 0.08448371065709552 
0.004005340453938585 0.025367156208277702 0.04138851802403204 0.29506008010680906 0.6341789052069426 
0.6921970514203524 0.24128011506652283 0.03416037396619921 0.020496224379719527 0.011866235167206042 
0.12419645152995629 0.391617382360504 0.3412188223193623 0.12213936744664439 0.02082797634353304 
0.03825136612021858 0.07953855494839102 0.25197328476017 0.5567698846387371 0.0734669095324833 
0.007147498375568551 0.029239766081871343 0.06432748538011696 0.341130604288499 0.5581546458739441 
0.5518945634266886 0.34761120263591433 0.07742998352553541 0.014827018121911038 0.008237232289950576 
0.033685268979386625 0.31825037707390647 0.4238310708898944 0.20361990950226244 0.020613373554550025 
0.012641383898868928 0.041916167664670656 0.21490352628077178 0.6553559547571524 0.07518296739853626 
0.005383022774327122 0.004554865424430642 0.03188405797101449 0.3498964803312629 0.6082815734989648 
</TABLE>
</DEFINITION>
<DEFINITION>
<FOR>pixel13</FOR>
<GIVEN>emotion</GIVEN>
<GIVEN>pixel12</GIVEN>
<TABLE>
0.8190928270042194 0.15559071729957805 0.010021097046413503 0.01529535864978903 
0.22169811320754718 0.689203354297694 0.06970649895178196 0.01939203354297694 
0.021461716937354988 0.5179814385150812 0.404292343387471 0.05626450116009281 
0.007936507936507936 0.07509157509157509 0.41208791208791207 0.5048840048840049 
0.0013623978201634877 0.039509536784741145 0.06403269754768393 0.8950953678474114 
0.7911392405063291 0.18354430379746836 0.0189873417721519 0.006329113924050633 
0.15086206896551724 0.7629310344827587 0.05603448275862069 0.03017241379310345 
