<?xml version="1.0"?>
<!-- DTD for the XMLBIF 0.3 format -->
<!DOCTYPE BIF [
	<!ELEMENT BIF ( NETWORK )*>
	      <!ATTLIST BIF VERSION CDATA #REQUIRED>
	<!ELEMENT NETWORK ( NAME, ( PROPERTY | VARIABLE | DEFINITION )* )>
	<!ELEMENT NAME (#PCDATA)>
	<!ELEMENT VARIABLE ( NAME, ( OUTCOME |  PROPERTY )* ) >
	      <!ATTLIST VARIABLE TYPE (nature|decision|utility) "nature">
	<!ELEMENT OUTCOME (#PCDATA)>
	<!ELEMENT DEFINITION ( FOR | GIVEN | TABLE | PROPERTY )* >
	<!ELEMENT FOR (#PCDATA)>
	<!ELEMENT GIVEN (#PCDATA)>
	<!ELEMENT TABLE (#PCDATA)>
	<!ELEMENT PROPERTY (#PCDATA)>
]>


<BIF VERSION="0.3">
<NETWORK>
<NAME>faces-weka.filters.supervised.attribute.Discretize-Rfirst-last-precision6-weka.filters.unsupervised.attribute.ReplaceMissingValues</NAME>
<VARIABLE TYPE="nature">
<NAME>emotion</NAME>
<OUTCOME>angry</OUTCOME>
<OUTCOME>disgust</OUTCOME>
<OUTCOME>fear</OUTCOME>
<OUTCOME>happy</OUTCOME>
<OUTCOME>neutral</OUTCOME>
<OUTCOME>sad</OUTCOME>
<OUTCOME>surprise</OUTCOME>
</VARIABLE>
<VARIABLE TYPE="nature">
<NAME>pixel0</NAME>
<OUTCOME>&apos;\&apos;(-inf-0.448039]\&apos;&apos;</OUTCOME>
<OUTCOME>&apos;\&apos;(0.448039-0.680882]\&apos;&apos;</OUTCOME>
<OUTCOME>&apos;\&apos;(0.680882-0.77549]\&apos;&apos;</OUTCOME>
<OUTCOME>&apos;\&apos;(0.77549-inf)\&apos;&apos;</OUTCOME>
</VARIABLE>
<VARIABLE TYPE="nature">
<NAME>pixel1</NAME>
<OUTCOME>&apos;\&apos;(-inf-0.288235]\&apos;&apos;</OUTCOME>
<OUTCOME>&apos;\&apos;(0.288235-0.532843]\&apos;&apos;</OUTCOME>
<OUTCOME>&apos;\&apos;(0.532843-0.620588]\&apos;&apos;</OUTCOME>
<OUTCOME>&apos;\&apos;(0.620588-0.775]\&apos;&apos;</OUTCOME>
<OUTCOME>&apos;\&apos;(0.775-inf)\&apos;&apos;</OUTCOME>
</VARIABLE>
<VARIABLE TYPE="nature">
<NAME>pixel2</NAME>
<OUTCOME>&apos;\&apos;(-inf-0.569608]\&apos;&apos;</OUTCOME>
<OUTCOME>&apos;\&apos;(0.569608-inf)\&apos;&apos;</OUTCOME>
</VARIABLE>
<VARIABLE TYPE="nature">
<NAME>pixel3</NAME>
<OUTCOME>&apos;\&apos;(-inf-0.080392]\&apos;&apos;</OUTCOME>
<OUTCOME>&apos;\&apos;(0.080392-0.492157]\&apos;&apos;</OUTCOME>
<OUTCOME>&apos;\&apos;(0.492157-0.672549]\&apos;&apos;</OUTCOME>
<OUTCOME>&apos;\&apos;(0.672549-inf)\&apos;&apos;</OUTCOME>
</VARIABLE>
<VARIABLE TYPE="nature">
<NAME>pixel4</NAME>
<OUTCOME>&apos;\&apos;(-inf-0.018137]\&apos;&apos;</OUTCOME>
<OUTCOME>&apos;\&apos;(0.018137-0.348039]\&apos;&apos;</OUTCOME>
<OUTCOME>&apos;\&apos;(0.348039-0.733824]\&apos;&apos;</OUTCOME>
<OUTCOME>&apos;\&apos;(0.733824-0.972059]\&apos;&apos;</OUTCOME>
<OUTCOME>&apos;\&apos;(0.972059-inf)\&apos;&apos;</OUTCOME>
</VARIABLE>
<VARIABLE TYPE="nature">
<NAME>pixel5</NAME>
<OUTCOME>&apos;\&apos;(-inf-0.026961]\&apos;&apos;</OUTCOME>
<OUTCOME>&apos;\&apos;(0.026961-0.323039]\&apos;&apos;</OUTCOME>
<OUTCOME>&apos;\&apos;(0.323039-0.722549]\&apos;&apos;</OUTCOME>
<OUTCOME>&apos;\&apos;(0.722549-0.982843]\&apos;&apos;</OUTCOME>
<OUTCOME>&apos;\&apos;(0.982843-inf)\&apos;&apos;</OUTCOME>
</VARIABLE>
<VARIABLE TYPE="nature">
<NAME>pixel6</NAME>
<OUTCOME>&apos;\&apos;(-inf-0.081373]\&apos;&apos;</OUTCOME>
<OUTCOME>&apos;\&apos;(0.081373-0.215196]\&apos;&apos;</OUTCOME>
<OUTCOME>&apos;\&apos;(0.215196-0.441667]\&apos;&apos;</OUTCOME>
<OUTCOME>&apos;\&apos;(0.441667-0.708824]\&apos;&apos;</OUTCOME>
<OUTCOME>&apos;\&apos;(0.708824-inf)\&apos;&apos;</OUTCOME>
</VARIABLE>
<VARIABLE TYPE="nature">
<NAME>pixel7</NAME>
<OUTCOME>&apos;\&apos;(-inf-0.006373]\&apos;&apos;</OUTCOME>
<OUTCOME>&apos;\&apos;(0.006373-0.141667]\&apos;&apos;</OUTCOME>
<OUTCOME>&apos;\&apos;(0.141667-0.364216]\&apos;&apos;</OUTCOME>
<OUTCOME>&apos;\&apos;(0.364216-0.607843]\&apos;&apos;</OUTCOME>
<OUTCOME>&apos;\&apos;(0.607843-0.734804]\&apos;&apos;</OUTCOME>
<OUTCOME>&apos;\&apos;(0.734804-inf)\&apos;&apos;</OUTCOME>
</VARIABLE>
<VARIABLE TYPE="nature">
<NAME>pixel8</NAME>
<OUTCOME>&apos;\&apos;(-inf-0.15098]\&apos;&apos;</OUTCOME>
<OUTCOME>&apos;\&apos;(0.15098-0.337255]\&apos;&apos;</OUTCOME>
<OUTCOME>&apos;\&apos;(0.337255-inf)\&apos;&apos;</OUTCOME>
</VARIABLE>
<VARIABLE TYPE="nature">
<NAME>pixel9</NAME>
<OUTCOME>&apos;\&apos;(-inf-0.159314]\&apos;&apos;</OUTCOME>
<OUTCOME>&apos;\&apos;(0.159314-0.503431]\&apos;&apos;</OUTCOME>
<OUTCOME>&apos;\&apos;(0.503431-0.955882]\&apos;&apos;</OUTCOME>
<OUTCOME>&apos;\&apos;(0.955882-inf)\&apos;&apos;</OUTCOME>
</VARIABLE>
<VARIABLE TYPE="nature">
<NAME>pixel10</NAME>
<OUTCOME>&apos;\&apos;(-inf-0.42402]\&apos;&apos;</OUTCOME>
<OUTCOME>&apos;\&apos;(0.42402-0.62598]\&apos;&apos;</OUTCOME>
<OUTCOME>&apos;\&apos;(0.62598-0.77549]\&apos;&apos;</OUTCOME>
<OUTCOME>&apos;\&apos;(0.77549-inf)\&apos;&apos;</OUTCOME>
</VARIABLE>
<VARIABLE TYPE="nature">
<NAME>pixel11</NAME>
<OUTCOME>&apos;\&apos;(-inf-0.411275]\&apos;&apos;</OUTCOME>
<OUTCOME>&apos;\&apos;(0.411275-0.751471]\&apos;&apos;</OUTCOME>
<OUTCOME>&apos;\&apos;(0.751471-0.983333]\&apos;&apos;</OUTCOME>
<OUTCOME>&apos;\&apos;(0.983333-inf)\&apos;&apos;</OUTCOME>
</VARIABLE>
<VARIABLE TYPE="nature">
<NAME>pixel12</NAME>
<OUTCOME>&apos;\&apos;(-inf-0.405882]\&apos;&apos;</OUTCOME>
<OUTCOME>&apos;\&apos;(0.405882-0.564216]\&apos;&apos;</OUTCOME>
<OUTCOME>&apos;\&apos;(0.564216-0.67549]\&apos;&apos;</OUTCOME>
<OUTCOME>&apos;\&apos;(0.67549-0.802941]\&apos;&apos;</OUTCOME>
<OUTCOME>&apos;\&apos;(0.802941-inf)\&apos;&apos;</OUTCOME>
</VARIABLE>
<VARIABLE TYPE="nature">
<NAME>pixel13</NAME>
<OUTCOME>&apos;\&apos;(-inf-0.44902]\&apos;&apos;</OUTCOME>
<OUTCOME>&apos;\&apos;(0.44902-0.648039]\&apos;&apos;</OUTCOME>
<OUTCOME>&apos;\&apos;(0.648039-0.745098]\&apos;&apos;</OUTCOME>
<OUTCOME>&apos;\&apos;(0.745098-inf)\&apos;&apos;</OUTCOME>
</VARIABLE>
<DEFINITION>
<FOR>emotion</FOR>
<TABLE>
0.1372350984728438 0.015306388980793006 0.14127501001271178 0.24923816323332232 0.1725494976230693 0.17129573197276543 0.1131001097044944 
</TABLE>
</DEFINITION>
<DEFINITION>
<FOR>pixel0</FOR>
<GIVEN>emotion</GIVEN>
<GIVEN>pixel13</GIVEN>
<TABLE>
0.8346495557749259 0.1456071076011846 0.017275419545903257 0.0024679170779861796 
0.22418990203466466 0.6899020346646572 0.06744536548605878 0.01846269781461944 
0.04394904458598726 0.5484076433121019 0.3484076433121019 0.05923566878980892 
0.020048602673147023 0.14520048602673147 0.3080194410692588 0.5267314702308628 
0.7823529411764706 0.19411764705882353 0.01764705882352941 0.0058823529411764705 
0.1936619718309859 0.7147887323943662 0.06690140845070422 0.02464788732394366 
0.029069767441860465 0.6686046511627907 0.23837209302325582 0.06395348837209303 
0.011194029850746268 0.2574626865671642 0.3246268656716418 0.40671641791044777 
0.7628205128205128 0.21153846153846154 0.01638176638176638 0.009259259259259259 
0.18126520681265207 0.7327656123276561 0.06366585563665855 0.022303325223033254 
0.03787878787878788 0.5052447552447552 0.412004662004662 0.04487179487179487 
0.008261211644374508 0.1042486231313926 0.2930763178599528 0.59441384736428 
0.7705843293492696 0.21281540504648075 0.012284196547144754 0.004316069057104913 
0.18793456032719835 0.7253578732106339 0.0705521472392638 0.016155419222903887 
0.020622041920216362 0.5473292765382015 0.3627450980392157 0.06930358350236647 
0.0014417531718569781 0.11678200692041522 0.3151672433679354 0.5666089965397924 
0.840793489318413 0.14394710071210579 0.010681586978636826 0.004577822990844354 
0.1804894629503739 0.7433718558803535 0.056084296397008834 0.020054384772263765 
0.008919202518363064 0.5115424973767051 0.419202518363064 0.06033578174186779 
0.0028938906752411574 0.0684887459807074 0.2652733118971061 0.6633440514469453 
0.8035850495804729 0.17734553775743708 0.014111365369946605 0.004958047292143402 
0.1853582554517134 0.7305295950155763 0.06822429906542056 0.01588785046728972 
0.026286353467561523 0.49272930648769575 0.40883668903803133 0.07214765100671142 
0.013888888888888888 0.08826164874551971 0.29525089605734767 0.6025985663082437 
0.7893617021276595 0.18936170212765957 0.010638297872340425 0.010638297872340425 
0.15534682080924855 0.7478323699421965 0.08164739884393063 0.015173410404624277 
0.0061643835616438354 0.46095890410958906 0.45958904109589044 0.07328767123287672 
0.00344180225281602 0.0597622027534418 0.22309136420525658 0.7137046307884856 
</TABLE>
</DEFINITION>
<DEFINITION>
<FOR>pixel1</FOR>
<GIVEN>emotion</GIVEN>
<GIVEN>pixel10</GIVEN>
<TABLE>
0.27864746399499063 0.4226675015654352 0.11333750782717596 0.13838447088290545 0.046963055729492796 
0.09601052170100834 0.451117930732135 0.20473476545374836 0.19947391494958353 0.04866286716352477 
0.050062060405461316 0.2577575506826645 0.2230037236243277 0.3694662805130327 0.09971038477451385 
0.06043613707165109 0.11651090342679128 0.1277258566978193 0.3445482866043614 0.35077881619937695 
0.14074074074074075 0.48148148148148145 0.21481481481481482 0.0962962962962963 0.06666666666666667 
0.050980392156862744 0.4666666666666667 0.15294117647058825 0.23137254901960785 0.09803921568627451 
0.029535864978902954 0.2320675105485232 0.24050632911392406 0.3333333333333333 0.16455696202531644 
0.033210332103321034 0.0996309963099631 0.18081180811808117 0.46863468634686345 0.2177121771217712 
0.1956678700361011 0.40794223826714804 0.15090252707581228 0.16823104693140795 0.07725631768953069 
0.0779510022271715 0.36124721603563476 0.2311804008908686 0.23919821826280624 0.09042316258351893 
0.03960800326663944 0.14659044507962435 0.19477337688852592 0.44385463454471213 0.17517354022049816 
0.0345835362883585 0.07647345348270823 0.08037018996590356 0.3619094008767657 0.446663419386264 
0.23135918193438432 0.4605879846612697 0.1043885811674478 0.14955262036642522 0.054111631870472944 
0.08156481718230632 0.48197391971362824 0.18946560981846075 0.18588596266939403 0.06110969061621069 
0.02460945859191098 0.23646479777444895 0.2360368071902418 0.4080890220415151 0.09479991440188316 
0.02087621287856513 0.09261981770067627 0.07733019700088209 0.4101734783887092 0.3990002940311673 
0.25061064973131414 0.4069369809477284 0.10698583292623351 0.15681485100146556 0.07865168539325842 
0.07411385606874328 0.4013605442176871 0.20300751879699247 0.24024346580737557 0.08127461510920157 
0.022843504943743608 0.1680872826457552 0.15922263893624275 0.46403000340947836 0.18581657006478008 
0.022737819025522042 0.07563805104408353 0.06078886310904873 0.3187935034802784 0.5220417633410673 
0.213253436728939 0.4578780401832922 0.12513218188227002 0.13570673246387027 0.06802960874162849 
0.0771216521458535 0.39335269441755405 0.20296869958050984 0.2371732817037754 0.08938367215230719 
0.05966021335440538 0.21691031212959305 0.1829316475701304 0.39391544843935206 0.14658237850651917 
0.033837293016558675 0.09575233981281497 0.0755939524838013 0.3304535637149028 0.46436285097192226 
0.18234165067178504 0.3742802303262956 0.12476007677543186 0.21689059500959693 0.1017274472168906 
0.037104072398190045 0.29773755656108597 0.2 0.3339366515837104 0.13122171945701358 
0.01826280623608018 0.16169265033407573 0.2 0.4182628062360802 0.2017817371937639 
0.0056753688989784334 0.054861899356791526 0.05561861520998865 0.3106318577374196 0.5732122587968218 
</TABLE>
</DEFINITION>
<DEFINITION>
<FOR>pixel2</FOR>
<GIVEN>emotion</GIVEN>
<GIVEN>pixel3</GIVEN>
<TABLE>
0.9915730337078652 0.008426966292134831 
0.9509090909090909 0.04909090909090909 
0.4536354056902002 0.5463645943097998 
0.05027739251040222 0.9497226074895978 
0.9166666666666666 0.08333333333333333 
0.915 0.085 
0.41015625 0.58984375 
0.02631578947368421 0.9736842105263158 
0.9883720930232558 0.011627906976744186 
0.9340456890198968 0.06595431098010317 
0.5101317122593718 0.4898682877406282 
0.05639571518588532 0.9436042848141147 
0.9895833333333334 0.010416666666666666 
0.950653983353151 0.04934601664684899 
0.5232429441062535 0.47675705589374656 
0.054247104247104244 0.9457528957528958 
0.9945255474452555 0.005474452554744526 
0.9543787253553416 0.04562127464465841 
0.5352831940575673 0.4647168059424327 
0.06697054698457224 0.9330294530154277 
0.998046875 0.001953125 
0.9463730569948187 0.053626943005181345 
0.47215592680986473 0.5278440731901353 
0.06659905341446924 0.9334009465855307 
0.9907407407407407 0.009259259259259259 
0.9363026819923371 0.06369731800766283 
0.5237127371273713 0.47628726287262874 
0.061130742049469965 0.93886925795053 
</TABLE>
</DEFINITION>
<DEFINITION>
<FOR>pixel3</FOR>
<GIVEN>emotion</GIVEN>
<GIVEN>pixel8</GIVEN>
<TABLE>
0.21788194444444445 0.5112847222222222 0.1675347222222222 0.1032986111111111 
0.02218430034129693 0.5580204778156996 0.22696245733788395 0.19283276450511946 
0.013448414291449218 0.23705339221196306 0.2623444399839422 0.4871537535126455 
0.09782608695652174 0.5760869565217391 0.11956521739130435 0.20652173913043478 
0.005555555555555556 0.4388888888888889 0.42777777777777776 0.12777777777777777 
0.0048543689320388345 0.11165048543689321 0.27346278317152106 0.610032362459547 
0.1419753086419753 0.5440917107583775 0.16490299823633156 0.1490299823633157 
0.018857142857142857 0.5171428571428571 0.2382857142857143 0.2257142857142857 
0.012404580152671756 0.22767175572519083 0.26164122137404583 0.4982824427480916 
0.1500880281690141 0.5514964788732394 0.1624119718309859 0.13600352112676056 
0.020679886685552408 0.5118980169971672 0.2490084985835694 0.21841359773371105 
0.007862004224360479 0.2331612297582727 0.2777517014785262 0.4812250645388407 
0.1991362763915547 0.5887715930902111 0.11852207293666027 0.0935700575815739 
0.02928416485900217 0.6149674620390455 0.19342010122921185 0.16232827187274043 
0.010453648915187377 0.28303747534516766 0.27080867850098617 0.43570019723865877 
0.19966629588431592 0.553392658509455 0.1418242491657397 0.10511679644048944 
0.0446685878962536 0.5701248799231509 0.21853986551392893 0.16666666666666666 
0.01022117962466488 0.2813337801608579 0.30244638069705093 0.40599865951742625 
0.10056657223796034 0.5538243626062322 0.16572237960339944 0.17988668555240794 
0.008807588075880758 0.5088075880758808 0.23915989159891599 0.24322493224932248 
0.00578168362627197 0.21901017576318224 0.23288621646623497 0.5423219241443108 
</TABLE>
</DEFINITION>
<DEFINITION>
<FOR>pixel4</FOR>
<GIVEN>emotion</GIVEN>
<GIVEN>pixel5</GIVEN>
<TABLE>
0.731764705882353 0.2564705882352941 0.007058823529411765 0.002352941176470588 0.002352941176470588 
0.011253395421032208 0.9363601086534731 0.051610399689561506 3.8804811796662784E-4 3.8804811796662784E-4 
3.3101621979476995E-4 0.13141343925852367 0.8232373386295928 0.04336312479311486 0.0016550810989738498 
7.168458781362007E-4 0.00931899641577061 0.1827956989247312 0.7462365591397849 0.06093189964157706 
0.002053388090349076 0.002053388090349076 0.014373716632443531 0.07186858316221766 0.9096509240246407 
0.7894736842105263 0.05263157894736842 0.05263157894736842 0.05263157894736842 0.05263157894736842 
0.031141868512110725 0.9377162629757786 0.02422145328719723 0.0034602076124567475 0.0034602076124567475 
0.002785515320334262 0.2479108635097493 0.7158774373259053 0.03064066852367688 0.002785515320334262 
0.006134969325153374 0.006134969325153374 0.3006134969325153 0.6441717791411042 0.04294478527607362 
0.0136986301369863 0.0136986301369863 0.0136986301369863 0.0136986301369863 0.9452054794520548 
0.6789297658862876 0.3110367892976589 0.0033444816053511705 0.0033444816053511705 0.0033444816053511705 
0.013130029648454045 0.9263024142312579 0.05972045743329098 4.2354934349851756E-4 4.2354934349851756E-4 
9.395552771688068E-4 0.1399937362981522 0.7989351706858754 0.058565612276855625 0.0015659254619480112 
5.691519635742744E-4 0.005122367672168469 0.13830392714854867 0.7973819009675583 0.058622652248150255 
0.0018975332068311196 0.0018975332068311196 0.0018975332068311196 0.05502846299810247 0.9392789373814042 
0.6884875846501128 0.3047404063205418 0.002257336343115124 0.002257336343115124 0.002257336343115124 
0.0055367029826754776 0.9392748705125915 0.05447401321664583 5.358099660653688E-4 1.786033220217896E-4 
8.76731544800982E-4 0.16780641767490795 0.7948448185165702 0.03594599333684026 5.260389268805891E-4 
4.7058823529411766E-4 0.00988235294117647 0.16611764705882354 0.7778823529411765 0.04564705882352941 
0.0021413276231263384 0.0021413276231263384 0.006423982869379015 0.04068522483940043 0.9486081370449678 
0.7265822784810126 0.26582278481012656 0.002531645569620253 0.002531645569620253 0.002531645569620253 
0.013455191673013456 0.9405940594059405 0.04442751967504443 0.0012693577050012694 2.538715410002539E-4 
2.626740215392698E-4 0.1599684791174153 0.8056212240609404 0.0338849487785658 2.626740215392698E-4 
6.93000693000693E-4 0.009009009009009009 0.14760914760914762 0.7907137907137907 0.05197505197505198 
0.0028653295128939827 0.0028653295128939827 0.0028653295128939827 0.03151862464183381 0.9598853868194842 
0.6914285714285714 0.3028571428571429 0.0019047619047619048 0.0019047619047619048 0.0019047619047619048 
0.007734173589229447 0.949584646233171 0.040962474935548554 0.0014322543683758235 2.864508736751647E-4 
2.5220680958385876E-4 0.14148802017654477 0.8148802017654476 0.04262295081967213 7.566204287515763E-4 
6.093845216331506E-4 0.006703229737964655 0.1773308957952468 0.7757464960390006 0.039609993906154786 
0.0041841004184100415 0.0041841004184100415 0.02092050209205021 0.029288702928870293 0.9414225941422594 
0.6 0.37777777777777777 0.007407407407407408 0.007407407407407408 0.007407407407407408 
0.007154650522839846 0.9196477710511832 0.07099614749587231 0.001651073197578426 5.50357732526142E-4 
4.3649061545176777E-4 0.1706678306416412 0.7800087298123091 0.04845045831514622 4.3649061545176777E-4 
6.169031462060457E-4 0.001850709438618137 0.12399753238741518 0.784083898827884 0.08945095619987661 
0.0015267175572519084 0.0015267175572519084 0.0015267175572519084 0.06259541984732825 0.932824427480916 
</TABLE>
</DEFINITION>
<DEFINITION>
<FOR>pixel5</FOR>
<GIVEN>emotion</GIVEN>
<TABLE>
0.05339251743817375 0.3263157894736842 0.3826252377932784 0.17641090678503488 0.06125554850982879 
0.01698754246885617 0.32276330690826727 0.40203850509626277 0.18006795016987542 0.07814269535673839 
0.03634347665393618 0.2903782185536528 0.3928791425403474 0.21596649008254282 0.06443267216952075 
0.03066284836208703 0.39079416078787454 0.39805825242718446 0.14814556122092618 0.03233917720192778 
0.03944315545243619 0.3969534954100676 0.3836376475335418 0.1451629173812166 0.03480278422273782 
0.052941774209938015 0.3543339091555736 0.40249974596077637 0.16634488365003555 0.023879687023676457 
0.02015694722264964 0.27896599476842593 0.3519002923526696 0.248807508847515 0.10016925680873981 
</TABLE>
</DEFINITION>
<DEFINITION>
<FOR>pixel6</FOR>
<GIVEN>emotion</GIVEN>
<GIVEN>pixel7</GIVEN>
<TABLE>
0.9024390243902439 0.024390243902439025 0.024390243902439025 0.024390243902439025 0.024390243902439025 
0.40305010893246185 0.45098039215686275 0.08496732026143791 0.058823529411764705 0.002178649237472767 
0.013062409288824383 0.24334784712143204 0.6545718432510885 0.08563134978229318 0.003386550556361877 
0.002701891323926749 0.013509456619633743 0.31492044431101773 0.655358751125788 0.013509456619633743 
8.163265306122449E-4 8.163265306122449E-4 0.026938775510204082 0.7453061224489796 0.22612244897959183 
0.0038119440914866584 0.0012706480304955528 0.016518424396442185 0.13850063532401524 0.8398983481575604 
0.2 0.2 0.2 0.2 0.2 
0.25925925925925924 0.48148148148148145 0.18518518518518517 0.037037037037037035 0.037037037037037035 
0.004739336492890996 0.2037914691943128 0.7440758293838863 0.04265402843601896 0.004739336492890996 
0.0028328611898017 0.0084985835694051 0.26912181303116145 0.6997167138810199 0.019830028328611898 
0.004366812227074236 0.004366812227074236 0.004366812227074236 0.7729257641921398 0.21397379912663755 
0.012048192771084338 0.012048192771084338 0.012048192771084338 0.1566265060240964 0.8072289156626506 
0.9111111111111111 0.022222222222222223 0.022222222222222223 0.022222222222222223 0.022222222222222223 
0.3333333333333333 0.5182795698924731 0.1010752688172043 0.04516129032258064 0.002150537634408602 
0.013550135501355014 0.216260162601626 0.697560975609756 0.06775067750677506 0.004878048780487805 
8.862629246676514E-4 0.013884785819793206 0.3063515509601182 0.6555391432791728 0.023338257016248153 
0.0021629416005767843 0.005046863734679163 0.04542177361211247 0.7015140591204038 0.24585436193222782 
9.852216748768472E-4 0.0049261083743842365 0.014778325123152709 0.20788177339901479 0.7714285714285715 
0.2 0.2 0.2 0.2 0.2 
0.25901639344262295 0.6262295081967213 0.09508196721311475 0.01639344262295082 0.003278688524590164 
0.008410801239486499 0.21115537848605578 0.6936697653829128 0.08455068614431165 0.002213368747233289 
8.120838070488875E-4 0.005359753126522657 0.2512587299009258 0.7281143414000325 0.014455091765470196 
3.1456432840515884E-4 9.436929852154766E-4 0.020446681346335326 0.7338785781692356 0.24441648317080844 
4.103405826836274E-4 4.103405826836274E-4 0.0036930652441526466 0.12925728354534263 0.8662289700451374 
0.7142857142857143 0.14285714285714285 0.047619047619047616 0.047619047619047616 0.047619047619047616 
0.2839506172839506 0.5555555555555556 0.1111111111111111 0.02880658436213992 0.0205761316872428 
0.004694835680751174 0.17456252667520272 0.7695262483994878 0.0499359795134443 0.0012804097311139564 
6.58906215681968E-4 0.006369426751592357 0.3112233692071162 0.6709861629694707 0.010762134856138809 
5.50357732526142E-4 0.001651073197578426 0.010456796917996699 0.7677490368739681 0.21959273527793066 
0.001040582726326743 0.003121748178980229 0.003121748178980229 0.17585848074921956 0.8168574401664932 
0.7837837837837838 0.08108108108108109 0.08108108108108109 0.02702702702702703 0.02702702702702703 
0.3238938053097345 0.5752212389380531 0.08672566371681416 0.012389380530973451 0.0017699115044247787 
0.015353121801432957 0.22279085636301604 0.6990788126919141 0.05970658478335039 0.0030706243602865915 
0.001222792858889704 0.0119833700171191 0.35143066764490094 0.6199559794570799 0.015407190022010272 
6.997900629811056E-4 6.997900629811056E-4 0.042687193841847444 0.7438768369489154 0.21203638908327502 
0.001226993865030675 0.001226993865030675 0.015950920245398775 0.15828220858895706 0.8233128834355828 
0.6363636363636364 0.09090909090909091 0.09090909090909091 0.09090909090909091 0.09090909090909091 
0.44061302681992337 0.46871008939974457 0.07279693486590039 0.016602809706257982 0.001277139208173691 
0.021630615640599003 0.2978369384359401 0.5829173599556295 0.0904048807542984 0.007210205213533 
0.006265060240963855 0.013975903614457831 0.3378313253012048 0.6154216867469879 0.02650602409638554 
9.794319294809011E-4 0.004897159647404506 0.059745347698334964 0.6611165523996082 0.2732615083251714 
0.0012033694344163659 0.0036101083032490976 0.015643802647412757 0.18170878459687123 0.7978339350180506 
</TABLE>
</DEFINITION>
<DEFINITION>
<FOR>pixel7</FOR>
<GIVEN>emotion</GIVEN>
<GIVEN>pixel12</GIVEN>
<TABLE>
0.015279241306638568 0.11538461538461539 0.44836670179135935 0.31454162276080083 0.06796628029504742 0.038461538461538464 
0.002617801047120419 0.0549738219895288 0.31884816753926704 0.48534031413612566 0.0968586387434555 0.041361256544502616 
5.793742757821553E-4 0.03534183082271147 0.19872537659327927 0.5127462340672074 0.17670915411355737 0.07589803012746234 
0.003048780487804878 0.03597560975609756 0.13109756097560976 0.43841463414634146 0.24329268292682926 0.14817073170731707 
0.001358695652173913 0.020380434782608696 0.06657608695652174 0.2758152173913043 0.28125 0.3546195652173913 
0.00625 0.05625 0.56875 0.31875 0.03125 0.01875 
0.004273504273504274 0.038461538461538464 0.31196581196581197 0.43162393162393164 0.14957264957264957 0.0641025641025641 
0.00510204081632653 0.025510204081632654 0.1377551020408163 0.4642857142857143 0.27040816326530615 0.09693877551020408 
0.004901960784313725 0.014705882352941176 0.07352941176470588 0.4068627450980392 0.4166666666666667 0.08333333333333333 
0.008771929824561403 0.008771929824561403 0.043859649122807015 0.23684210526315788 0.4473684210526316 0.2543859649122807 
0.014094955489614243 0.1327893175074184 0.4310089020771513 0.32270029673590506 0.06305637982195846 0.03635014836795252 
0.007344632768361582 0.05593220338983051 0.3 0.4604519774011299 0.14067796610169492 0.03559322033898305 
0.005208333333333333 0.04224537037037037 0.20081018518518517 0.515625 0.1579861111111111 0.078125 
0.0014492753623188406 0.03719806763285024 0.14154589371980678 0.41594202898550725 0.23429951690821257 0.16956521739130434 
8.156606851549756E-4 0.030179445350734094 0.07585644371941272 0.31239804241435565 0.2406199021207178 0.3401305057096248 
3.219575016097875E-4 0.04990341274951706 0.3506117192530586 0.4491307147456536 0.09819703799098518 0.05183515775917579 
2.6838432635534085E-4 0.017981749865807837 0.16559312936124532 0.5316693505099302 0.1800858829844337 0.1044015029522276 
3.1308703819661864E-4 0.011584220413274891 0.08735128365685661 0.47244834063869756 0.28146524733876016 0.14683782091421416 
3.2829940906106366E-4 0.00886408404464872 0.06533158240315168 0.3319107025607354 0.3128693368351937 0.28069599474720947 
7.874015748031496E-4 0.014960629921259842 0.05905511811023622 0.20551181102362204 0.2763779527559055 0.44330708661417323 
0.00632183908045977 0.08793103448275862 0.575287356321839 0.27873563218390807 0.03045977011494253 0.021264367816091954 
4.677268475210477E-4 0.017305893358278764 0.30823199251637046 0.5439663236669785 0.10056127221702525 0.029466791393826006 
0.0014749262536873156 0.01327433628318584 0.1696165191740413 0.5825958702064897 0.18043264503441495 0.05260570304818092 
0.0021150592216582064 0.004653130287648054 0.10109983079526226 0.48942470389170895 0.2796108291032149 0.12309644670050761 
6.016847172081829E-4 0.009025270758122744 0.05956678700361011 0.338748495788207 0.3134777376654633 0.2785800240673887 
0.006038647342995169 0.13969404186795492 0.4883252818035427 0.28462157809983896 0.05676328502415459 0.02455716586151369 
4.2158516020236085E-4 0.03836424957841484 0.36045531197301856 0.4784991568296796 0.08473861720067453 0.03752107925801012 
0.005675954592363261 0.03147574819401445 0.23581011351909184 0.5103199174406605 0.16357069143446853 0.053147574819401446 
0.0015182186234817814 0.021761133603238867 0.14524291497975708 0.4549595141700405 0.25455465587044535 0.12196356275303644 
0.006386861313868613 0.020985401459854013 0.10857664233576643 0.32755474452554745 0.24361313868613138 0.29288321167883213 
0.006880733944954129 0.18577981651376146 0.4334862385321101 0.25 0.07568807339449542 0.0481651376146789 
0.0010869565217391304 0.14021739130434782 0.3402173913043478 0.3815217391304348 0.10326086956521739 0.03369565217391304 
7.739938080495357E-4 0.14009287925696595 0.32120743034055727 0.3753869969040248 0.11377708978328173 0.048761609907120744 
0.0013357079252003562 0.1126447016918967 0.26135351736420304 0.3317008014247551 0.17586821015138024 0.11709706144256456 
0.0018404907975460123 0.0852760736196319 0.18343558282208589 0.2361963190184049 0.21533742331288344 0.27791411042944786 
</TABLE>
</DEFINITION>
<DEFINITION>
<FOR>pixel8</FOR>
<GIVEN>emotion</GIVEN>
<GIVEN>pixel9</GIVEN>
<TABLE>
0.49531542785758903 0.2767020612117427 0.22798251093066832 
0.07559008066925604 0.31759784881983866 0.6068120705109052 
0.03578450648839953 0.08611875737318128 0.8780967361384192 
0.03740648379052369 0.08229426433915212 0.8802992518703242 
0.3107344632768362 0.3107344632768362 0.3785310734463277 
0.05463182897862233 0.2161520190023753 0.7292161520190024 
0.04980842911877394 0.1111111111111111 0.8390804597701149 
0.03225806451612903 0.16129032258064516 0.8064516129032258 
0.493350221659278 0.3033565547815073 0.2032932235592147 
0.08556667742977074 0.31030029060381015 0.6041330319664191 
0.027841467409105796 0.0887651490337373 0.8833933835571569 
0.012658227848101266 0.09873417721518987 0.8886075949367088 
0.48502624266748995 0.34177215189873417 0.17320160543377586 
0.09024672959099189 0.32571617817519455 0.5840370922338135 
0.03237019335216163 0.0914620899413426 0.8761677167064957 
0.01580135440180587 0.07900677200902935 0.9051918735891648 
0.5442587984358336 0.2925702097404906 0.16317099182367578 
0.09566828816307621 0.3685429696548529 0.5357887421820708 
0.05073911306432281 0.12984418697562924 0.819416699960048 
0.04529616724738676 0.09407665505226481 0.8606271777003485 
0.5657387580299786 0.2582441113490364 0.176017130620985 
0.09012439705509012 0.312008123889312 0.5978674790555979 
0.03088455772113943 0.0686656671664168 0.9004497751124437 
0.0794979079497908 0.08786610878661087 0.8326359832635983 
0.4122211445198836 0.3559650824442289 0.2318137730358875 
0.08831266441187524 0.3228109733183014 0.5888763622698234 
0.012210526315789474 0.08463157894736842 0.9031578947368422 
0.0387243735763098 0.11161731207289294 0.8496583143507973 
</TABLE>
</DEFINITION>
<DEFINITION>
<FOR>pixel9</FOR>
<GIVEN>emotion</GIVEN>
<GIVEN>pixel4</GIVEN>
<TABLE>
0.6988304093567251 0.22514619883040934 0.049707602339181284 0.02631578947368421 
0.3359481582537517 0.5324010914051842 0.128581173260573 0.0030695770804911324 
0.09951456310679611 0.45319001386962554 0.4330790568654646 0.014216366158113732 
0.050496688741721855 0.2508278145695364 0.6365894039735099 0.062086092715231786 
0.05805243445692884 0.1891385767790262 0.24906367041198502 0.5037453183520599 
0.6538461538461539 0.11538461538461539 0.19230769230769232 0.038461538461538464 
0.35082872928176795 0.5607734806629834 0.0856353591160221 0.0027624309392265192 
0.08598726114649681 0.5382165605095541 0.3662420382165605 0.009554140127388535 
0.0423728813559322 0.2457627118644068 0.635593220338983 0.07627118644067797 
0.038461538461538464 0.24358974358974358 0.47435897435897434 0.24358974358974358 
0.819327731092437 0.09663865546218488 0.07142857142857142 0.012605042016806723 
0.36878654970760233 0.49378654970760233 0.1341374269005848 0.003289473684210526 
0.08821525885558583 0.42268392370572205 0.4792234332425068 0.009877384196185286 
0.05253399258343634 0.226823238566131 0.676761433868974 0.04388133498145859 
0.054635761589403975 0.19370860927152317 0.27980132450331124 0.4718543046357616 
0.7690058479532164 0.1608187134502924 0.06725146198830409 0.0029239766081871343 
0.3752354048964218 0.5139673571876961 0.10875706214689265 0.0020401757689893284 
0.08837119753561802 0.43954562957258375 0.46303427031189837 0.009048902579899884 
0.052659574468085106 0.1898936170212766 0.7037234042553191 0.05372340425531915 
0.05330882352941176 0.13051470588235295 0.2959558823529412 0.5202205882352942 
0.8099415204678363 0.13742690058479531 0.043859649122807015 0.008771929824561403 
0.4347924187725632 0.4871389891696751 0.07468411552346571 0.003384476534296029 
0.14033564814814814 0.4904513888888889 0.36255787037037035 0.006655092592592593 
0.07698289269051321 0.2620528771384137 0.6150855365474339 0.045878693623639194 
0.06553398058252427 0.1966019417475728 0.279126213592233 0.4587378640776699 
0.7627551020408163 0.13520408163265307 0.09948979591836735 0.002551020408163265 
0.3966880869995057 0.4777558082056352 0.12382600098863075 0.0017301038062283738 
0.09400544959128065 0.44168937329700275 0.46130790190735693 0.002997275204359673 
0.054332874828060526 0.20839064649243466 0.6966987620357634 0.0405777166437414 
0.030612244897959183 0.1054421768707483 0.30952380952380953 0.5544217687074829 
0.7604166666666666 0.11458333333333333 0.11458333333333333 0.010416666666666666 
0.34735349716446123 0.5552930056710775 0.0949905482041588 0.0023629489603024575 
0.06468366383380547 0.4461756373937677 0.48111425873465535 0.008026440037771483 
0.034361851332398316 0.24193548387096775 0.6640953716690042 0.05960729312762973 
0.051451187335092345 0.24670184696569922 0.262532981530343 0.4393139841688654 
</TABLE>
</DEFINITION>
<DEFINITION>
<FOR>pixel10</FOR>
<GIVEN>emotion</GIVEN>
<GIVEN>pixel3</GIVEN>
<TABLE>
0.4106145251396648 0.2541899441340782 0.20949720670391062 0.12569832402234637 
0.31504360465116277 0.328125 0.2336482558139535 0.12318313953488372 
0.16473684210526315 0.41947368421052633 0.2931578947368421 0.12263157894736842 
0.0932085932085932 0.16943866943866945 0.39535689535689533 0.341995841995842 
0.5 0.35714285714285715 0.07142857142857142 0.07142857142857142 
0.28217821782178215 0.400990099009901 0.14356435643564355 0.17326732673267325 
0.16666666666666666 0.39147286821705424 0.313953488372093 0.12790697674418605 
0.06428571428571428 0.1595238095238095 0.2976190476190476 0.4785714285714286 
0.4423076923076923 0.2653846153846154 0.17307692307692307 0.11923076923076924 
0.25220913107511045 0.35309278350515466 0.24484536082474226 0.14985272459499263 
0.17763157894736842 0.3456477732793522 0.3132591093117409 0.16346153846153846 
0.07336272040302266 0.16782115869017633 0.35232997481108314 0.40648614609571787 
0.3755186721991701 0.2925311203319502 0.23443983402489627 0.0975103734439834 
0.2620839936608558 0.3191362916006339 0.2723851030110935 0.1463946117274168 
0.11753318584070796 0.3603429203539823 0.38025442477876104 0.14186946902654868 
0.08047086067155539 0.1649942107294481 0.3490930142802007 0.40544191431879584 
0.4163636363636364 0.2781818181818182 0.16545454545454547 0.14 
0.3059120073327223 0.31645279560036665 0.23854262144821264 0.13909257561869845 
0.1303339517625232 0.3492578849721707 0.3696660482374768 0.1507421150278293 
0.07042747021723897 0.1769446391030133 0.3514365802382621 0.40119131044148565 
0.5272373540856031 0.2509727626459144 0.11478599221789883 0.10700389105058365 
0.407819782496116 0.32858622475401345 0.17685137234593476 0.08674262040393578 
0.2269475357710652 0.4002384737678855 0.29451510333863273 0.07829888712241653 
0.14155405405405405 0.23412162162162162 0.35371621621621624 0.2706081081081081 
0.3181818181818182 0.19090909090909092 0.22727272727272727 0.2636363636363636 
0.14976076555023923 0.23588516746411484 0.35167464114832536 0.26267942583732057 
0.06968876860622462 0.2401894451962111 0.38903924221921515 0.3010825439783491 
0.024364406779661018 0.08298022598870057 0.3209745762711864 0.571680790960452 
</TABLE>
</DEFINITION>
<DEFINITION>
<FOR>pixel11</FOR>
<GIVEN>emotion</GIVEN>
<GIVEN>pixel5</GIVEN>
<TABLE>
0.7617924528301887 0.19103773584905662 0.04481132075471698 0.0023584905660377358 
0.6541149068322981 0.24650621118012422 0.0749223602484472 0.024456521739130436 
0.4639072847682119 0.36258278145695366 0.13013245033112583 0.043377483443708606 
0.3278335724533716 0.35365853658536583 0.27187948350071733 0.046628407460545196 
0.26954732510288065 0.21604938271604937 0.16255144032921812 0.35185185185185186 
0.3888888888888889 0.3888888888888889 0.16666666666666666 0.05555555555555555 
0.6909722222222222 0.2048611111111111 0.09375 0.010416666666666666 
0.5167597765363129 0.3715083798882682 0.09776536312849161 0.013966480446927373 
0.4382716049382716 0.4876543209876543 0.05555555555555555 0.018518518518518517 
0.18055555555555555 0.4305555555555556 0.20833333333333334 0.18055555555555555 
0.8154362416107382 0.1174496644295302 0.05704697986577181 0.010067114093959731 
0.6114406779661017 0.25296610169491524 0.10635593220338983 0.02923728813559322 
0.4132205513784461 0.3718671679197995 0.17261904761904762 0.042293233082706765 
0.2978359908883827 0.34111617312072895 0.30239179954441914 0.058656036446469245 
0.24524714828897337 0.21482889733840305 0.16920152091254753 0.37072243346007605 
0.753393665158371 0.1832579185520362 0.05203619909502263 0.011312217194570135 
0.6979278313683458 0.20882458020721686 0.07806359414076455 0.01518399428367274 
0.5031567870922483 0.3351455629603648 0.1299544019642231 0.0317432479831638 
0.3620527306967985 0.3093220338983051 0.2725988700564972 0.05602636534839925 
0.3111587982832618 0.2296137339055794 0.15665236051502146 0.30257510729613735 
0.7791878172588832 0.1446700507614213 0.07360406091370558 0.0025380710659898475 
0.7138141188420518 0.20086338242762825 0.06424581005586592 0.021076688674454037 
0.4936941671045717 0.3644245927482922 0.12007356805044667 0.021807672096689438 
0.41539528432732314 0.28779472954230234 0.25589459084604715 0.040915395284327326 
0.34770114942528735 0.22701149425287356 0.14080459770114942 0.28448275862068967 
0.7690839694656488 0.15839694656488548 0.06679389312977099 0.0057251908396946565 
0.6581661891117478 0.24613180515759311 0.08853868194842407 0.0071633237822349575 
0.4851160443995964 0.36352169525731587 0.12941473259334005 0.02194752774974773 
0.37134146341463414 0.37378048780487805 0.225 0.029878048780487804 
0.3235294117647059 0.2647058823529412 0.20588235294117646 0.20588235294117646 
0.7089552238805971 0.12686567164179105 0.15671641791044777 0.007462686567164179 
0.7075991189427313 0.15583700440528633 0.08645374449339208 0.05011013215859031 
0.3986899563318777 0.3497816593886463 0.17510917030567685 0.07641921397379912 
0.26851851851851855 0.3154320987654321 0.3055555555555556 0.11049382716049383 
0.23394495412844038 0.19724770642201836 0.16055045871559634 0.40825688073394495 
</TABLE>
</DEFINITION>
<DEFINITION>
<FOR>pixel12</FOR>
<GIVEN>emotion</GIVEN>
<GIVEN>pixel13</GIVEN>
<TABLE>
0.7661568820917612 0.20868278243709917 0.018253576714356193 0.006413418845584608 4.93339911198816E-4 
0.1111111111111111 0.4952919020715631 0.33634651600753296 0.04632768361581921 0.010922787193973634 
0.0120942075111394 0.08465945257797582 0.4436664544875875 0.42966263526416293 0.02991725015913431 
0.017607771706132362 0.022465088038858532 0.0588949605343048 0.5021250758955677 0.3989071038251366 
0.7309941520467836 0.2046783625730994 0.04093567251461988 0.017543859649122806 0.005847953216374269 
0.10175438596491228 0.6210526315789474 0.22807017543859648 0.031578947368421054 0.017543859649122806 
0.017341040462427744 0.07514450867052024 0.5722543352601156 0.32947976878612717 0.005780346820809248 
0.0037174721189591076 0.026022304832713755 0.08550185873605948 0.4944237918215613 0.3903345724907063 
0.7693950177935943 0.20284697508896798 0.020640569395017794 0.006405693950177936 7.117437722419929E-4 
0.09363599513579246 0.5281718686663964 0.3117146331576814 0.060397243615727604 0.006080259424402107 
0.014560279557367502 0.07979033197437391 0.4443797320908561 0.44088526499708797 0.0203843913803145 
0.003539127015336217 0.016909162406606372 0.06488399528116398 0.45340149429807314 0.4612662209988203 
0.7696647859276469 0.19747759707932294 0.023564553601062063 0.00829737802854298 9.956853634251576E-4 
0.14782253117971786 0.5379268043344919 0.2602739726027397 0.04845634839501124 0.005520343488039256 
0.013856032443393038 0.14092598850963164 0.48496113551875636 0.3403176748901656 0.019939168638053395 
0.006053617757278754 0.02334966849236091 0.1190544825598155 0.5116748342461804 0.33986739694436435 
0.7630910015251652 0.2099644128113879 0.017793594306049824 0.007625826131164209 0.001525165226232842 
0.07509344206591913 0.527013251783894 0.35575942915392456 0.03499830105334693 0.007135575942915392 
0.0047194546407970635 0.06659674882013635 0.4410068169900367 0.4756161510225485 0.012060828526481384 
0.0022500803600128574 0.01446480231436837 0.035036965605914495 0.4297653487624558 0.5184828029572485 
0.7994662600076249 0.17804041174227983 0.015630956919557758 0.0057186427754479605 0.001143728555089592 
0.10308315166614762 0.5316100903145438 0.3098723139208969 0.04515727187791965 0.010277172220492058 
0.024035774175517048 0.09334823923979876 0.4209055338177753 0.4309670206819452 0.030743432084963666 
0.0049261083743842365 0.012987012987012988 0.06583072100313479 0.4670846394984326 0.4491715181370354 
0.6815286624203821 0.26963906581740976 0.02335456475583864 0.02335456475583864 0.0021231422505307855 
0.06425992779783393 0.4844765342960289 0.376173285198556 0.06425992779783393 0.010830324909747292 
0.00889801505817933 0.06913073237508556 0.431895961670089 0.4757015742642026 0.014373716632443531 
0.003440725680325305 0.0059430716296528 0.039724741945573974 0.45323741007194246 0.49765405067250545 
</TABLE>
</DEFINITION>
<DEFINITION>
<FOR>pixel13</FOR>
<GIVEN>emotion</GIVEN>
<GIVEN>pixel10</GIVEN>
<TABLE>
0.5582706766917294 0.29135338345864664 0.08583959899749373 0.06453634085213032 
0.2837719298245614 0.45219298245614037 0.17587719298245613 0.0881578947368421 
0.14445364238410596 0.36299668874172186 0.2860099337748344 0.20653973509933773 
