<?xml version="1.0"?>
<!-- DTD for the XMLBIF 0.3 format -->
<!DOCTYPE BIF [
	<!ELEMENT BIF ( NETWORK )*>
	      <!ATTLIST BIF VERSION CDATA #REQUIRED>
	<!ELEMENT NETWORK ( NAME, ( PROPERTY | VARIABLE | DEFINITION )* )>
	<!ELEMENT NAME (#PCDATA)>
	<!ELEMENT VARIABLE ( NAME, ( OUTCOME |  PROPERTY )* ) >
	      <!ATTLIST VARIABLE TYPE (nature|decision|utility) "nature">
	<!ELEMENT OUTCOME (#PCDATA)>
	<!ELEMENT DEFINITION ( FOR | GIVEN | TABLE | PROPERTY )* >
	<!ELEMENT FOR (#PCDATA)>
	<!ELEMENT GIVEN (#PCDATA)>
	<!ELEMENT TABLE (#PCDATA)>
	<!ELEMENT PROPERTY (#PCDATA)>
]>


<BIF VERSION="0.3">
<NETWORK>
<NAME>faces-weka.filters.supervised.attribute.Discretize-Rfirst-last-precision6-weka.filters.unsupervised.attribute.ReplaceMissingValues</NAME>
<VARIABLE TYPE="nature">
<NAME>emotion</NAME>
<OUTCOME>angry</OUTCOME>
<OUTCOME>disgust</OUTCOME>
<OUTCOME>fear</OUTCOME>
<OUTCOME>happy</OUTCOME>
<OUTCOME>neutral</OUTCOME>
<OUTCOME>sad</OUTCOME>
<OUTCOME>surprise</OUTCOME>
</VARIABLE>
<VARIABLE TYPE="nature">
<NAME>pixel0</NAME>
<OUTCOME>&apos;\&apos;(-inf-0.448039]\&apos;&apos;</OUTCOME>
<OUTCOME>&apos;\&apos;(0.448039-0.680882]\&apos;&apos;</OUTCOME>
<OUTCOME>&apos;\&apos;(0.680882-0.77549]\&apos;&apos;</OUTCOME>
<OUTCOME>&apos;\&apos;(0.77549-inf)\&apos;&apos;</OUTCOME>
</VARIABLE>
<VARIABLE TYPE="nature">
<NAME>pixel1</NAME>
<OUTCOME>&apos;\&apos;(-inf-0.288235]\&apos;&apos;</OUTCOME>
<OUTCOME>&apos;\&apos;(0.288235-0.532843]\&apos;&apos;</OUTCOME>
<OUTCOME>&apos;\&apos;(0.532843-0.620588]\&apos;&apos;</OUTCOME>
<OUTCOME>&apos;\&apos;(0.620588-0.775]\&apos;&apos;</OUTCOME>
<OUTCOME>&apos;\&apos;(0.775-inf)\&apos;&apos;</OUTCOME>
</VARIABLE>
<VARIABLE TYPE="nature">
<NAME>pixel2</NAME>
<OUTCOME>&apos;\&apos;(-inf-0.569608]\&apos;&apos;</OUTCOME>
<OUTCOME>&apos;\&apos;(0.569608-inf)\&apos;&apos;</OUTCOME>
</VARIABLE>
<VARIABLE TYPE="nature">
<NAME>pixel3</NAME>
<OUTCOME>&apos;\&apos;(-inf-0.080392]\&apos;&apos;</OUTCOME>
<OUTCOME>&apos;\&apos;(0.080392-0.492157]\&apos;&apos;</OUTCOME>
<OUTCOME>&apos;\&apos;(0.492157-0.672549]\&apos;&apos;</OUTCOME>
<OUTCOME>&apos;\&apos;(0.672549-inf)\&apos;&apos;</OUTCOME>
</VARIABLE>
<VARIABLE TYPE="nature">
<NAME>pixel4</NAME>
<OUTCOME>&apos;\&apos;(-inf-0.018137]\&apos;&apos;</OUTCOME>
<OUTCOME>&apos;\&apos;(0.018137-0.348039]\&apos;&apos;</OUTCOME>
<OUTCOME>&apos;\&apos;(0.348039-0.733824]\&apos;&apos;</OUTCOME>
<OUTCOME>&apos;\&apos;(0.733824-0.972059]\&apos;&apos;</OUTCOME>
<OUTCOME>&apos;\&apos;(0.972059-inf)\&apos;&apos;</OUTCOME>
</VARIABLE>
<VARIABLE TYPE="nature">
<NAME>pixel5</NAME>
<OUTCOME>&apos;\&apos;(-inf-0.026961]\&apos;&apos;</OUTCOME>
<OUTCOME>&apos;\&apos;(0.026961-0.323039]\&apos;&apos;</OUTCOME>
<OUTCOME>&apos;\&apos;(0.323039-0.722549]\&apos;&apos;</OUTCOME>
<OUTCOME>&apos;\&apos;(0.722549-0.982843]\&apos;&apos;</OUTCOME>
<OUTCOME>&apos;\&apos;(0.982843-inf)\&apos;&apos;</OUTCOME>
</VARIABLE>
<VARIABLE TYPE="nature">
<NAME>pixel6</NAME>
<OUTCOME>&apos;\&apos;(-inf-0.081373]\&apos;&apos;</OUTCOME>
<OUTCOME>&apos;\&apos;(0.081373-0.215196]\&apos;&apos;</OUTCOME>
<OUTCOME>&apos;\&apos;(0.215196-0.441667]\&apos;&apos;</OUTCOME>
<OUTCOME>&apos;\&apos;(0.441667-0.708824]\&apos;&apos;</OUTCOME>
<OUTCOME>&apos;\&apos;(0.708824-inf)\&apos;&apos;</OUTCOME>
</VARIABLE>
<VARIABLE TYPE="nature">
<NAME>pixel7</NAME>
<OUTCOME>&apos;\&apos;(-inf-0.006373]\&apos;&apos;</OUTCOME>
<OUTCOME>&apos;\&apos;(0.006373-0.141667]\&apos;&apos;</OUTCOME>
<OUTCOME>&apos;\&apos;(0.141667-0.364216]\&apos;&apos;</OUTCOME>
<OUTCOME>&apos;\&apos;(0.364216-0.607843]\&apos;&apos;</OUTCOME>
<OUTCOME>&apos;\&apos;(0.607843-0.734804]\&apos;&apos;</OUTCOME>
<OUTCOME>&apos;\&apos;(0.734804-inf)\&apos;&apos;</OUTCOME>
</VARIABLE>
<VARIABLE TYPE="nature">
<NAME>pixel8</NAME>
<OUTCOME>&apos;\&apos;(-inf-0.15098]\&apos;&apos;</OUTCOME>
<OUTCOME>&apos;\&apos;(0.15098-0.337255]\&apos;&apos;</OUTCOME>
<OUTCOME>&apos;\&apos;(0.337255-inf)\&apos;&apos;</OUTCOME>
</VARIABLE>
<VARIABLE TYPE="nature">
<NAME>pixel9</NAME>
<OUTCOME>&apos;\&apos;(-inf-0.159314]\&apos;&apos;</OUTCOME>
<OUTCOME>&apos;\&apos;(0.159314-0.503431]\&apos;&apos;</OUTCOME>
<OUTCOME>&apos;\&apos;(0.503431-0.955882]\&apos;&apos;</OUTCOME>
<OUTCOME>&apos;\&apos;(0.955882-inf)\&apos;&apos;</OUTCOME>
</VARIABLE>
<VARIABLE TYPE="nature">
<NAME>pixel10</NAME>
<OUTCOME>&apos;\&apos;(-inf-0.42402]\&apos;&apos;</OUTCOME>
<OUTCOME>&apos;\&apos;(0.42402-0.62598]\&apos;&apos;</OUTCOME>
<OUTCOME>&apos;\&apos;(0.62598-0.77549]\&apos;&apos;</OUTCOME>
<OUTCOME>&apos;\&apos;(0.77549-inf)\&apos;&apos;</OUTCOME>
</VARIABLE>
<VARIABLE TYPE="nature">
<NAME>pixel11</NAME>
<OUTCOME>&apos;\&apos;(-inf-0.411275]\&apos;&apos;</OUTCOME>
<OUTCOME>&apos;\&apos;(0.411275-0.751471]\&apos;&apos;</OUTCOME>
<OUTCOME>&apos;\&apos;(0.751471-0.983333]\&apos;&apos;</OUTCOME>
<OUTCOME>&apos;\&apos;(0.983333-inf)\&apos;&apos;</OUTCOME>
</VARIABLE>
<VARIABLE TYPE="nature">
<NAME>pixel12</NAME>
<OUTCOME>&apos;\&apos;(-inf-0.405882]\&apos;&apos;</OUTCOME>
<OUTCOME>&apos;\&apos;(0.405882-0.564216]\&apos;&apos;</OUTCOME>
<OUTCOME>&apos;\&apos;(0.564216-0.67549]\&apos;&apos;</OUTCOME>
<OUTCOME>&apos;\&apos;(0.67549-0.802941]\&apos;&apos;</OUTCOME>
<OUTCOME>&apos;\&apos;(0.802941-inf)\&apos;&apos;</OUTCOME>
</VARIABLE>
<VARIABLE TYPE="nature">
<NAME>pixel13</NAME>
<OUTCOME>&apos;\&apos;(-inf-0.44902]\&apos;&apos;</OUTCOME>
<OUTCOME>&apos;\&apos;(0.44902-0.648039]\&apos;&apos;</OUTCOME>
<OUTCOME>&apos;\&apos;(0.648039-0.745098]\&apos;&apos;</OUTCOME>
<OUTCOME>&apos;\&apos;(0.745098-inf)\&apos;&apos;</OUTCOME>
</VARIABLE>
<DEFINITION>
<FOR>emotion</FOR>
<TABLE>
0.1372350984728438 0.015306388980793006 0.14127501001271178 0.24923816323332232 0.1725494976230693 0.17129573197276543 0.1131001097044944 
</TABLE>
</DEFINITION>
<DEFINITION>
<FOR>pixel0</FOR>
<GIVEN>emotion</GIVEN>
<TABLE>
0.3025114155251142 0.40880263825469304 0.1604515474378488 0.128234398782344 
0.21882086167800455 0.47278911564625853 0.16666666666666666 0.1417233560090703 
0.1972646623952686 0.3983489403647117 0.2007146377525875 0.20367175948743224 
0.230720871751886 0.4337105336686225 0.17777312098351494 0.15779547359597654 
0.2226594027441485 0.3687449556093624 0.18230427764326068 0.2262913640032284 
0.28221544715447155 0.3948170731707317 0.16697154471544715 0.1559959349593496 
0.09279778393351801 0.30547860880270855 0.2306863650353955 0.371037242228378 
</TABLE>
</DEFINITION>
<DEFINITION>
<FOR>pixel1</FOR>
<GIVEN>emotion</GIVEN>
<TABLE>
0.11147748890298034 0.3184527584020292 0.1761572606214331 0.2687381103360812 0.12517438173747622 
0.05096262740656852 0.29784824462061155 0.19365798414496035 0.3114382785956965 0.14609286523216308 
0.07527411605272884 0.23272144881113713 0.1684119748675619 0.31994579278058394 0.20364666748798818 
0.07299015156806593 0.3061395543759167 0.16407068519941329 0.30572047216595655 0.1510791366906475 
0.08403107031171189 0.262987995561384 0.1393120145263795 0.30636537879552106 0.20730354080500354 
0.10557870135148867 0.32486535921146226 0.15740270297733971 0.2614571689868916 0.1506960674728178 
0.029081397138021235 0.15833205108478227 0.1352515771657178 0.344514540698569 0.33282043391290966 
</TABLE>
</DEFINITION>
<DEFINITION>
<FOR>pixel2</FOR>
<GIVEN>emotion</GIVEN>
<TABLE>
0.5038061405734585 0.4961938594265415 
0.3488636363636364 0.6511363636363636 
0.4896475228000986 0.5103524771999014 
0.5198407153835406 0.4801592846164594 
0.610393541876892 0.38960645812310796 
0.5636308192722098 0.4363691807277902 
0.4625923645320197 0.5374076354679803 
</TABLE>
</DEFINITION>
<DEFINITION>
<FOR>pixel3</FOR>
<GIVEN>emotion</GIVEN>
<TABLE>
0.04502790461694571 0.3486808726534754 0.24061390157280568 0.3656773211567732 
0.012471655328798186 0.2256235827664399 0.2891156462585034 0.47278911564625853 
0.03166584524396254 0.3342779694430754 0.24310004928536225 0.3909561360275998 
0.033459066778429726 0.35240290583962003 0.25237496507404306 0.3617630623079072 
0.055185633575464084 0.4399717514124294 0.21721146085552864 0.28763115415657786 
0.05193089430894309 0.39217479674796746 0.2553861788617886 0.30050813008130084 
0.016466605109264388 0.3211757463835026 0.22699292089873807 0.43536472760849493 
</TABLE>
</DEFINITION>
<DEFINITION>
<FOR>pixel4</FOR>
<GIVEN>emotion</GIVEN>
<TABLE>
0.04299302473050095 0.37146480659480025 0.36537729866835766 0.15282181357006974 0.0673430564362714 
0.026047565118912798 0.40656851642129105 0.3522083805209513 0.13023782559456398 0.08493771234428087 
0.0289515830972034 0.3367007515091783 0.36134039669828755 0.19896513490205742 0.07404213379327337 
0.023678144862750578 0.44485576587273873 0.3625759586505553 0.13110288468254522 0.03778724593141021 
0.034197518410168465 0.446787047311611 0.3483304751336629 0.1294260062544134 0.04125895289014426 
0.03952850320089422 0.4108322324966975 0.3726247332588152 0.14744436541001932 0.029570165633573824 
0.014309893829819972 0.32512694260655484 0.32543468225880906 0.2189567625788583 0.11617171872595784 
</TABLE>
</DEFINITION>
<DEFINITION>
<FOR>pixel5</FOR>
<GIVEN>emotion</GIVEN>
<TABLE>
0.05339251743817375 0.3263157894736842 0.3826252377932784 0.17641090678503488 0.06125554850982879 
0.01698754246885617 0.32276330690826727 0.40203850509626277 0.18006795016987542 0.07814269535673839 
0.03634347665393618 0.2903782185536528 0.3928791425403474 0.21596649008254282 0.06443267216952075 
0.03066284836208703 0.39079416078787454 0.39805825242718446 0.14814556122092618 0.03233917720192778 
0.03944315545243619 0.3969534954100676 0.3836376475335418 0.1451629173812166 0.03480278422273782 
0.052941774209938015 0.3543339091555736 0.40249974596077637 0.16634488365003555 0.023879687023676457 
0.02015694722264964 0.27896599476842593 0.3519002923526696 0.248807508847515 0.10016925680873981 
</TABLE>
</DEFINITION>
<DEFINITION>
<FOR>pixel6</FOR>
<GIVEN>emotion</GIVEN>
<TABLE>
0.03259353202282816 0.09549778059606849 0.31490171211160434 0.4318325935320228 0.12517438173747622 
0.007927519818799546 0.06455266138165346 0.2887882219705549 0.5016987542468856 0.13703284258210646 
0.027473204385856844 0.08562276703215474 0.30121966243686094 0.43673771097696196 0.14894665516816558 
0.007054550534329818 0.04896277153034854 0.22441852343368024 0.5114898372564085 0.20807431724523295 
0.009583375365681428 0.05820639564208615 0.32936547967315644 0.47805911429436093 0.12478563502471503 
0.026318463570775327 0.10435931307793923 0.366527791891068 0.39680926735087896 0.10598516410933848 
0.06170180027696569 0.1441760270810894 0.28912140329281427 0.3500538544391445 0.15494691490998616 
</TABLE>
</DEFINITION>
<DEFINITION>
<FOR>pixel7</FOR>
<GIVEN>emotion</GIVEN>
<TABLE>
0.004691858990616282 0.05769718488460563 0.26160284047679433 0.4218868881562262 0.1548313466903373 0.09928988080142023 
0.0011312217194570137 0.026018099547511313 0.2341628959276018 0.3947963800904977 0.25452488687782804 0.08936651583710407 
0.005050505050505051 0.05678738605567874 0.226779995072678 0.4164818920916482 0.1703621581670362 0.12453806356245381 
6.98421567257997E-5 0.021022489174465708 0.15749406341667832 0.4297387903338455 0.22174884760441402 0.16992596731387066 
0.001714746822675005 0.024107322977607423 0.23592898930804923 0.4588460762557999 0.18287270526528143 0.09653015937058705 
0.0033529770371875634 0.05700060963218858 0.29739890266206054 0.41505791505791506 0.14478764478764478 0.08240195082300346 
0.0010769230769230769 0.11984615384615385 0.27676923076923077 0.31861538461538463 0.15646153846153846 0.12723076923076923 
</TABLE>
</DEFINITION>
<DEFINITION>
<FOR>pixel8</FOR>
<GIVEN>emotion</GIVEN>
<TABLE>
0.14575669161486743 0.22263097805404033 0.6316123303310922 
0.10102156640181612 0.20090805902383654 0.6980703745743473 
0.13937153419593346 0.21528034504004928 0.6453481207640173 
0.15850506461753405 0.24638491093258819 0.5951100244498777 
0.2099687216224397 0.2787811522550701 0.5112501261224902 
0.18243723955686553 0.21130196158146153 0.606260798861673 
0.10820378636293675 0.2267200246267508 0.6650761890103124 
</TABLE>
</DEFINITION>
<DEFINITION>
<FOR>pixel9</FOR>
<GIVEN>emotion</GIVEN>
<TABLE>
0.2028158295281583 0.4242770167427702 0.3222983257229833 0.05060882800608828 
0.1984126984126984 0.47505668934240364 0.29365079365079366 0.032879818594104306 
0.19430754066042386 0.38134549038935434 0.375924100542139 0.0484228684080828 
0.22611064543168483 0.42169600447052247 0.32138865604917577 0.03080469404861693 
0.2835956416464891 0.4353309120258273 0.25232041969330105 0.02875302663438257 
0.23709349593495935 0.40010162601626015 0.338719512195122 0.024085365853658537 
0.15835641735918743 0.40920283164050475 0.3651892890120037 0.06725146198830409 
</TABLE>
</DEFINITION>
<DEFINITION>
<FOR>pixel10</FOR>
<GIVEN>emotion</GIVEN>
<TABLE>
0.20205479452054795 0.2888127853881279 0.3060629122272958 0.20306950786402841 
0.14852607709750568 0.28458049886621317 0.264172335600907 0.30272108843537415 
0.17015771315919173 0.27612124199112864 0.301256776737309 0.2524642681123706 
0.16366303436714166 0.272911427773121 0.3261385861972618 0.23728695166247554 
0.20611380145278452 0.2813761097659403 0.295500403551251 0.2170096852300242 
0.28790650406504065 0.31453252032520324 0.2568089430894309 0.1407520325203252 
0.07956294244382887 0.16943674976915973 0.3448753462603878 0.4061249615266236 
</TABLE>
</DEFINITION>
<DEFINITION>
<FOR>pixel11</FOR>
<GIVEN>emotion</GIVEN>
<TABLE>
0.506468797564688 0.30504819888381535 0.1343226788432268 0.05416032470826991 
0.5340136054421769 0.3458049886621315 0.0963718820861678 0.023809523809523808 
0.45009857072449483 0.31136027599802857 0.1768112370625924 0.06172991621488418 
0.5601424979044426 0.27388935456831515 0.1291561888795753 0.03681195864766695 
0.5763720742534302 0.27491928974979823 0.11632364810330913 0.03238498789346247 
0.5391260162601627 0.31046747967479676 0.12916666666666668 0.021239837398373984 
0.4427516158818098 0.2673130193905817 0.18082486919052015 0.10911049553708833 
</TABLE>
</DEFINITION>
<DEFINITION>
<FOR>pixel12</FOR>
<GIVEN>emotion</GIVEN>
<TABLE>
0.24007609384908055 0.24159797083069118 0.21826252377932784 0.20735573874445148 0.09270767279644895 
0.1755379388448471 0.25934314835787087 0.21630804077010193 0.22536806342015855 0.12344280860702152 
0.1654552174448688 0.21744486879388936 0.2122705433041764 0.2544043365775533 0.15042503387951214 
0.21659565551442342 0.25990081721030944 0.22274219459383948 0.21240483341482155 0.08835649926660613 
0.17502269746797136 0.21517199636840512 0.20468072228386966 0.2379703419751841 0.16715424190456976 
0.25190529417742097 0.24052433695762626 0.19642312773092166 0.20028452393049487 0.11086271720353623 
0.06631789506077858 0.14079089090629326 0.19803046622557316 0.3448222803508232 0.2500384674565318 
</TABLE>
</DEFINITION>
<DEFINITION>
<FOR>pixel13</FOR>
<GIVEN>emotion</GIVEN>
<TABLE>
0.25659563673262303 0.33625063419583967 0.19875697615423643 0.20839675291730086 
0.1893424036281179 0.31859410430839 0.19160997732426305 0.30045351473922904 
0.17262198127156234 0.30347461803844256 0.2110645638245441 0.31283883686545094 
0.21018440905280805 0.34136630343671415 0.20641240569991617 0.2420368818105616 
0.19804277643260695 0.2965092816787732 0.19198950766747377 0.3134584342211461 
0.26615853658536587 0.3259146341463415 0.18140243902439024 0.22652439024390245 
0.07186826715912588 0.21252693136349646 0.224222837796245 0.4913819636811327 
</TABLE>
</DEFINITION>
</NETWORK>
</BIF>
