<?xml version="1.0"?>
<!-- DTD for the XMLBIF 0.3 format -->
<!DOCTYPE BIF [
	<!ELEMENT BIF ( NETWORK )*>
	      <!ATTLIST BIF VERSION CDATA #REQUIRED>
	<!ELEMENT NETWORK ( NAME, ( PROPERTY | VARIABLE | DEFINITION )* )>
	<!ELEMENT NAME (#PCDATA)>
	<!ELEMENT VARIABLE ( NAME, ( OUTCOME |  PROPERTY )* ) >
	      <!ATTLIST VARIABLE TYPE (nature|decision|utility) "nature">
	<!ELEMENT OUTCOME (#PCDATA)>
	<!ELEMENT DEFINITION ( FOR | GIVEN | TABLE | PROPERTY )* >
	<!ELEMENT FOR (#PCDATA)>
	<!ELEMENT GIVEN (#PCDATA)>
	<!ELEMENT TABLE (#PCDATA)>
	<!ELEMENT PROPERTY (#PCDATA)>
]>


<BIF VERSION="0.3">
<NETWORK>
<NAME>faces-weka.filters.supervised.attribute.Discretize-Rfirst-last-precision6-weka.filters.unsupervised.attribute.ReplaceMissingValues</NAME>
<VARIABLE TYPE="nature">
<NAME>emotion</NAME>
<OUTCOME>angry</OUTCOME>
<OUTCOME>disgust</OUTCOME>
<OUTCOME>fear</OUTCOME>
<OUTCOME>happy</OUTCOME>
<OUTCOME>neutral</OUTCOME>
<OUTCOME>sad</OUTCOME>
<OUTCOME>surprise</OUTCOME>
</VARIABLE>
<VARIABLE TYPE="nature">
<NAME>pixel0</NAME>
<OUTCOME>&apos;\&apos;(-inf-0.448039]\&apos;&apos;</OUTCOME>
<OUTCOME>&apos;\&apos;(0.448039-0.680882]\&apos;&apos;</OUTCOME>
<OUTCOME>&apos;\&apos;(0.680882-0.77549]\&apos;&apos;</OUTCOME>
<OUTCOME>&apos;\&apos;(0.77549-inf)\&apos;&apos;</OUTCOME>
</VARIABLE>
<VARIABLE TYPE="nature">
<NAME>pixel1</NAME>
<OUTCOME>&apos;\&apos;(-inf-0.288235]\&apos;&apos;</OUTCOME>
<OUTCOME>&apos;\&apos;(0.288235-0.532843]\&apos;&apos;</OUTCOME>
<OUTCOME>&apos;\&apos;(0.532843-0.620588]\&apos;&apos;</OUTCOME>
<OUTCOME>&apos;\&apos;(0.620588-0.775]\&apos;&apos;</OUTCOME>
<OUTCOME>&apos;\&apos;(0.775-inf)\&apos;&apos;</OUTCOME>
</VARIABLE>
<VARIABLE TYPE="nature">
<NAME>pixel2</NAME>
<OUTCOME>&apos;\&apos;(-inf-0.569608]\&apos;&apos;</OUTCOME>
<OUTCOME>&apos;\&apos;(0.569608-inf)\&apos;&apos;</OUTCOME>
</VARIABLE>
<VARIABLE TYPE="nature">
<NAME>pixel3</NAME>
<OUTCOME>&apos;\&apos;(-inf-0.080392]\&apos;&apos;</OUTCOME>
<OUTCOME>&apos;\&apos;(0.080392-0.492157]\&apos;&apos;</OUTCOME>
<OUTCOME>&apos;\&apos;(0.492157-0.672549]\&apos;&apos;</OUTCOME>
<OUTCOME>&apos;\&apos;(0.672549-inf)\&apos;&apos;</OUTCOME>
</VARIABLE>
<VARIABLE TYPE="nature">
<NAME>pixel4</NAME>
<OUTCOME>&apos;\&apos;(-inf-0.018137]\&apos;&apos;</OUTCOME>
<OUTCOME>&apos;\&apos;(0.018137-0.348039]\&apos;&apos;</OUTCOME>
<OUTCOME>&apos;\&apos;(0.348039-0.733824]\&apos;&apos;</OUTCOME>
<OUTCOME>&apos;\&apos;(0.733824-0.972059]\&apos;&apos;</OUTCOME>
<OUTCOME>&apos;\&apos;(0.972059-inf)\&apos;&apos;</OUTCOME>
</VARIABLE>
<VARIABLE TYPE="nature">
<NAME>pixel5</NAME>
<OUTCOME>&apos;\&apos;(-inf-0.026961]\&apos;&apos;</OUTCOME>
<OUTCOME>&apos;\&apos;(0.026961-0.323039]\&apos;&apos;</OUTCOME>
<OUTCOME>&apos;\&apos;(0.323039-0.722549]\&apos;&apos;</OUTCOME>
<OUTCOME>&apos;\&apos;(0.722549-0.982843]\&apos;&apos;</OUTCOME>
<OUTCOME>&apos;\&apos;(0.982843-inf)\&apos;&apos;</OUTCOME>
</VARIABLE>
<VARIABLE TYPE="nature">
<NAME>pixel6</NAME>
<OUTCOME>&apos;\&apos;(-inf-0.081373]\&apos;&apos;</OUTCOME>
<OUTCOME>&apos;\&apos;(0.081373-0.215196]\&apos;&apos;</OUTCOME>
<OUTCOME>&apos;\&apos;(0.215196-0.441667]\&apos;&apos;</OUTCOME>
<OUTCOME>&apos;\&apos;(0.441667-0.708824]\&apos;&apos;</OUTCOME>
<OUTCOME>&apos;\&apos;(0.708824-inf)\&apos;&apos;</OUTCOME>
</VARIABLE>
<VARIABLE TYPE="nature">
<NAME>pixel7</NAME>
<OUTCOME>&apos;\&apos;(-inf-0.006373]\&apos;&apos;</OUTCOME>
<OUTCOME>&apos;\&apos;(0.006373-0.141667]\&apos;&apos;</OUTCOME>
<OUTCOME>&apos;\&apos;(0.141667-0.364216]\&apos;&apos;</OUTCOME>
<OUTCOME>&apos;\&apos;(0.364216-0.607843]\&apos;&apos;</OUTCOME>
<OUTCOME>&apos;\&apos;(0.607843-0.734804]\&apos;&apos;</OUTCOME>
<OUTCOME>&apos;\&apos;(0.734804-inf)\&apos;&apos;</OUTCOME>
</VARIABLE>
<VARIABLE TYPE="nature">
<NAME>pixel8</NAME>
<OUTCOME>&apos;\&apos;(-inf-0.15098]\&apos;&apos;</OUTCOME>
<OUTCOME>&apos;\&apos;(0.15098-0.337255]\&apos;&apos;</OUTCOME>
<OUTCOME>&apos;\&apos;(0.337255-inf)\&apos;&apos;</OUTCOME>
</VARIABLE>
<VARIABLE TYPE="nature">
<NAME>pixel9</NAME>
<OUTCOME>&apos;\&apos;(-inf-0.159314]\&apos;&apos;</OUTCOME>
<OUTCOME>&apos;\&apos;(0.159314-0.503431]\&apos;&apos;</OUTCOME>
<OUTCOME>&apos;\&apos;(0.503431-0.955882]\&apos;&apos;</OUTCOME>
<OUTCOME>&apos;\&apos;(0.955882-inf)\&apos;&apos;</OUTCOME>
</VARIABLE>
<VARIABLE TYPE="nature">
<NAME>pixel10</NAME>
<OUTCOME>&apos;\&apos;(-inf-0.42402]\&apos;&apos;</OUTCOME>
<OUTCOME>&apos;\&apos;(0.42402-0.62598]\&apos;&apos;</OUTCOME>
<OUTCOME>&apos;\&apos;(0.62598-0.77549]\&apos;&apos;</OUTCOME>
<OUTCOME>&apos;\&apos;(0.77549-inf)\&apos;&apos;</OUTCOME>
</VARIABLE>
<VARIABLE TYPE="nature">
<NAME>pixel11</NAME>
<OUTCOME>&apos;\&apos;(-inf-0.411275]\&apos;&apos;</OUTCOME>
<OUTCOME>&apos;\&apos;(0.411275-0.751471]\&apos;&apos;</OUTCOME>
<OUTCOME>&apos;\&apos;(0.751471-0.983333]\&apos;&apos;</OUTCOME>
<OUTCOME>&apos;\&apos;(0.983333-inf)\&apos;&apos;</OUTCOME>
</VARIABLE>
<VARIABLE TYPE="nature">
<NAME>pixel12</NAME>
<OUTCOME>&apos;\&apos;(-inf-0.405882]\&apos;&apos;</OUTCOME>
<OUTCOME>&apos;\&apos;(0.405882-0.564216]\&apos;&apos;</OUTCOME>
<OUTCOME>&apos;\&apos;(0.564216-0.67549]\&apos;&apos;</OUTCOME>
<OUTCOME>&apos;\&apos;(0.67549-0.802941]\&apos;&apos;</OUTCOME>
<OUTCOME>&apos;\&apos;(0.802941-inf)\&apos;&apos;</OUTCOME>
</VARIABLE>
<VARIABLE TYPE="nature">
<NAME>pixel13</NAME>
<OUTCOME>&apos;\&apos;(-inf-0.44902]\&apos;&apos;</OUTCOME>
<OUTCOME>&apos;\&apos;(0.44902-0.648039]\&apos;&apos;</OUTCOME>
<OUTCOME>&apos;\&apos;(0.648039-0.745098]\&apos;&apos;</OUTCOME>
<OUTCOME>&apos;\&apos;(0.745098-inf)\&apos;&apos;</OUTCOME>
</VARIABLE>
<DEFINITION>
<FOR>emotion</FOR>
<TABLE>
0.1372350984728438 0.015306388980793006 0.14127501001271178 0.24923816323332232 0.1725494976230693 0.17129573197276543 0.1131001097044944 
</TABLE>
</DEFINITION>
<DEFINITION>
<FOR>pixel0</FOR>
<GIVEN>emotion</GIVEN>
<GIVEN>pixel7</GIVEN>
<TABLE>
0.775 0.125 0.025 0.075 
0.5524017467248908 0.3034934497816594 0.05895196506550218 0.0851528384279476 
0.5077444336882866 0.3606001936108422 0.08373668925459826 0.047918683446272994 
0.24654654654654654 0.4885885885885886 0.17447447447447448 0.09039039039039039 
0.1119281045751634 0.41094771241830064 0.23774509803921567 0.23937908496732027 
0.12595419847328243 0.26590330788804073 0.2506361323155216 0.3575063613231552 
0.25 0.25 0.25 0.25 
0.2692307692307692 0.19230769230769232 0.34615384615384615 0.19230769230769232 
0.5285714285714286 0.38571428571428573 0.07142857142857142 0.014285714285714285 
0.19602272727272727 0.5710227272727273 0.13352272727272727 0.09943181818181818 
0.03070175438596491 0.4342105263157895 0.2675438596491228 0.2675438596491228 
0.036585365853658534 0.4268292682926829 0.23170731707317074 0.3048780487804878 
0.5681818181818182 0.29545454545454547 0.11363636363636363 0.022727272727272728 
0.40301724137931033 0.38146551724137934 0.09267241379310345 0.12284482758620689 
0.37689804772234275 0.41594360086767895 0.12310195227765727 0.08405639913232105 
0.1527777777777778 0.48433806146572106 0.19828605200945626 0.16459810874704492 
0.09163059163059163 0.3268398268398268 0.30808080808080807 0.27344877344877344 
0.054240631163708086 0.1863905325443787 0.257396449704142 0.5019723865877712 
0.25 0.25 0.25 0.25 
0.5296052631578947 0.28618421052631576 0.09539473684210527 0.08881578947368421 
0.5177147918511957 0.35562444641275465 0.07395925597874226 0.05270150575730735 
0.23700454840805718 0.5258284600389863 0.15058479532163743 0.08658219623131903 
0.10667086217747011 0.43392070484581496 0.24701069855254879 0.21239773442416615 
0.07348111658456485 0.29022988505747127 0.26313628899835795 0.3731527093596059 
0.45 0.25 0.15 0.15 
0.6735537190082644 0.1859504132231405 0.07024793388429752 0.07024793388429752 
0.5093936806148591 0.34286934244235695 0.08155422715627669 0.06618274978650726 
0.156195079086116 0.47473637961335674 0.19046572934973638 0.17860281195079086 
0.054515418502202644 0.2747797356828194 0.29790748898678415 0.3727973568281938 
0.03854166666666667 0.153125 0.20104166666666667 0.6072916666666667 
0.3055555555555556 0.19444444444444445 0.3055555555555556 0.19444444444444445 
0.6117021276595744 0.2783687943262411 0.06560283687943262 0.044326241134751775 
0.4733788395904437 0.37918088737201366 0.08976109215017065 0.05767918088737201 
0.1969178082191781 0.49045988258317025 0.18272994129158512 0.12989236790606654 
0.11974789915966387 0.3172268907563025 0.2976190476190476 0.265406162464986 
0.0773955773955774 0.1928746928746929 0.20270270270270271 0.527027027027027 
0.3 0.3 0.1 0.3 
0.149616368286445 0.32864450127877237 0.20588235294117646 0.31585677749360613 
0.14705882352941177 0.33129855715871254 0.21476137624861266 0.30688124306326303 
0.07762777242044358 0.38910318225650914 0.2463837994214079 0.28688524590163933 
0.04019607843137255 0.22058823529411764 0.29901960784313725 0.44019607843137254 
0.02530120481927711 0.1216867469879518 0.1674698795180723 0.6855421686746987 
</TABLE>
</DEFINITION>
<DEFINITION>
<FOR>pixel1</FOR>
<GIVEN>pixel10</GIVEN>
<GIVEN>pixel6</GIVEN>
<GIVEN>pixel0</GIVEN>
<TABLE>
0.5533980582524272 0.3268608414239482 0.042071197411003236 0.05501618122977346 0.022653721682847898 
0.41333333333333333 0.28 0.06666666666666667 0.14666666666666667 0.09333333333333334 
0.25925925925925924 0.4074074074074074 0.037037037037037035 0.25925925925925924 0.037037037037037035 
0.4117647058823529 0.058823529411764705 0.058823529411764705 0.17647058823529413 0.29411764705882354 
0.4772572980312288 0.406653088934148 0.05227427019687712 0.04955872369314324 0.014256619144602852 
0.23961661341853036 0.48242811501597443 0.12460063897763578 0.1182108626198083 0.03514376996805112 
0.17647058823529413 0.4117647058823529 0.13725490196078433 0.21568627450980393 0.058823529411764705 
0.3023255813953488 0.3023255813953488 0.06976744186046512 0.11627906976744186 0.20930232558139536 
0.28119687181230874 0.5613736824209452 0.07718463107786468 0.058823529411764705 0.021421285277116626 
0.157529493407356 0.5128383067314365 0.15614156835530882 0.1297709923664122 0.04371963913948647 
0.12 0.41818181818181815 0.11272727272727273 0.29454545454545455 0.05454545454545454 
0.14285714285714285 0.36645962732919257 0.15527950310559005 0.20496894409937888 0.13043478260869565 
0.1419939577039275 0.4561933534743202 0.1379657603222558 0.21248741188318226 0.0513595166163142 
0.09143268538516919 0.36789056875449966 0.2224622030237581 0.2570194384449244 0.061195104391648665 
0.0744920993227991 0.2234762979683973 0.2054176072234763 0.36343115124153497 0.13318284424379231 
0.058419243986254296 0.18900343642611683 0.15463917525773196 0.2920962199312715 0.30584192439862545 
0.1310344827586207 0.32413793103448274 0.1310344827586207 0.22758620689655173 0.18620689655172415 
0.08629441624365482 0.13705583756345177 0.16751269035532995 0.3096446700507614 0.29949238578680204 
0.06832298136645963 0.15527950310559005 0.09316770186335403 0.37888198757763975 0.30434782608695654 
0.06878306878306878 0.14285714285714285 0.06878306878306878 0.2275132275132275 0.49206349206349204 
0.25547445255474455 0.44525547445255476 0.08029197080291971 0.15328467153284672 0.06569343065693431 
0.19658119658119658 0.4017094017094017 0.1452991452991453 0.1794871794871795 0.07692307692307693 
0.2 0.24444444444444444 0.28888888888888886 0.2 0.06666666666666667 
0.0967741935483871 0.3548387096774194 0.16129032258064516 0.22580645161290322 0.16129032258064516 
0.22568807339449543 0.5302752293577981 0.10458715596330276 0.11559633027522936 0.023853211009174313 
0.1556350626118068 0.4525939177101968 0.1735241502683363 0.1806797853309481 0.03756708407871199 
0.1559633027522936 0.3577981651376147 0.10091743119266056 0.30275229357798167 0.08256880733944955 
0.1111111111111111 0.28888888888888886 0.1111111111111111 0.24444444444444444 0.24444444444444444 
0.12955643390426 0.5862977602108037 0.13921826965305226 0.11725955204216074 0.02766798418972332 
0.0647887323943662 0.5211267605633803 0.2269170579029734 0.16682316118935836 0.02034428794992175 
0.08280254777070063 0.35456475583864117 0.1592356687898089 0.31210191082802546 0.09129511677282377 
0.07172995780590717 0.24050632911392406 0.11392405063291139 0.28270042194092826 0.2911392405063291 
0.06280193236714976 0.4644582470669427 0.21325051759834368 0.21601104209799862 0.043478260869565216 
0.04648143339392365 0.3565307712282524 0.2890158400415476 0.2609711763178395 0.04700077901843677 
0.03546099290780142 0.232016210739615 0.21783181357649442 0.3860182370820669 0.1286727456940223 
0.035381750465549346 0.18063314711359404 0.12849162011173185 0.31843575418994413 0.3370577281191806 
0.05365853658536585 0.33658536585365856 0.07317073170731707 0.3170731707317073 0.21951219512195122 
0.034013605442176874 0.2018140589569161 0.17006802721088435 0.3968253968253968 0.19727891156462585 
0.04186046511627907 0.08837209302325581 0.12558139534883722 0.3488372093023256 0.3953488372093023 
0.023255813953488372 0.09634551495016612 0.04318936877076412 0.33554817275747506 0.5016611295681063 
0.21839080459770116 0.3333333333333333 0.12643678160919541 0.2413793103448276 0.08045977011494253 
0.0896551724137931 0.2413793103448276 0.14482758620689656 0.43448275862068964 0.0896551724137931 
0.08433734939759036 0.2289156626506024 0.20481927710843373 0.39759036144578314 0.08433734939759036 
0.0958904109589041 0.4246575342465753 0.1780821917808219 0.1232876712328767 0.1780821917808219 
0.14285714285714285 0.36507936507936506 0.08994708994708994 0.24867724867724866 0.15343915343915343 
0.07628865979381444 0.3154639175257732 0.2329896907216495 0.311340206185567 0.06391752577319587 
0.10222222222222223 0.19111111111111112 0.2088888888888889 0.3422222222222222 0.15555555555555556 
0.09433962264150944 0.22012578616352202 0.1320754716981132 0.2830188679245283 0.27044025157232704 
0.08108108108108109 0.35495495495495494 0.2072072072072072 0.24324324324324326 0.11351351351351352 
0.03984997655883732 0.26582278481012656 0.28363806844819506 0.350210970464135 0.06047819971870605 
0.035035035035035036 0.17717717717717718 0.1891891891891892 0.4954954954954955 0.1031031031031031 
0.10158013544018059 0.20993227990970656 0.12415349887133183 0.33182844243792325 0.2325056433408578 
0.04 0.3427027027027027 0.16756756756756758 0.30594594594594593 0.1437837837837838 
0.01836605446485117 0.19316022799240026 0.25564703398775596 0.44521849271690944 0.08760819083808317 
0.013508297954457738 0.15399459668081822 0.17483597066769588 0.543033577769201 0.1146275569278271 
0.03295019157088123 0.1310344827586207 0.11264367816091954 0.3946360153256705 0.32873563218390806 
0.055793991416309016 0.1759656652360515 0.2017167381974249 0.27896995708154504 0.2875536480686695 
0.012658227848101266 0.15304948216340622 0.21058688147295743 0.4522439585730725 0.1714614499424626 
0.0042796005706134095 0.12410841654778887 0.11840228245363767 0.5007132667617689 0.2524964336661912 
0.040783034257748776 0.0799347471451876 0.10603588907014681 0.29853181076672103 0.47471451876019577 
0.3793103448275862 0.3103448275862069 0.10344827586206896 0.034482758620689655 0.1724137931034483 
0.2 0.24705882352941178 0.058823529411764705 0.2235294117647059 0.27058823529411763 
0.08571428571428572 0.2571428571428571 0.08571428571428572 0.14285714285714285 0.42857142857142855 
0.05785123966942149 0.12396694214876033 0.12396694214876033 0.19008264462809918 0.5041322314049587 
0.323943661971831 0.2112676056338028 0.15492957746478872 0.18309859154929578 0.1267605633802817 
0.1390728476821192 0.17880794701986755 0.11258278145695365 0.271523178807947 0.2980132450331126 
0.07964601769911504 0.061946902654867256 0.07964601769911504 0.4690265486725664 0.30973451327433627 
0.02422145328719723 0.08650519031141868 0.0726643598615917 0.22491349480968859 0.5916955017301038 
0.14285714285714285 0.2 0.1657142857142857 0.24571428571428572 0.24571428571428572 
0.07246376811594203 0.13457556935817805 0.15113871635610765 0.4078674948240166 0.23395445134575568 
0.020316027088036117 0.07900677200902935 0.10609480812641084 0.4762979683972912 0.3182844243792325 
0.045408678102926335 0.10191725529767912 0.06962663975782038 0.29364278506559033 0.48940464177598386 
0.08070175438596491 0.19298245614035087 0.08070175438596491 0.3543859649122807 0.2912280701754386 
0.02446256486286138 0.09710896960711639 0.14455151964418086 0.4306893995552261 0.3031875463306153 
0.01388050694025347 0.07785153892576946 0.08630054315027158 0.48340374170187084 0.3385636692818346 
0.013360739979445015 0.06748886605001712 0.05515587529976019 0.3326481671805413 0.5313463514902363 
0.07913669064748201 0.16546762589928057 0.02158273381294964 0.2517985611510791 0.48201438848920863 
0.010218978102189781 0.0948905109489051 0.12116788321167883 0.3635036496350365 0.41021897810218977 
0.011033099297893681 0.055165496489468405 0.05917753259779338 0.40421263791374124 0.4704112337011033 
0.0050682261208577 0.04717348927875244 0.04249512670565302 0.2709551656920078 0.634307992202729 
</TABLE>
</DEFINITION>
<DEFINITION>
<FOR>pixel2</FOR>
<GIVEN>pixel3</GIVEN>
<GIVEN>pixel1</GIVEN>
<TABLE>
0.9978540772532188 0.002145922746781116 
0.9954682779456193 0.004531722054380665 
0.9774193548387097 0.02258064516129032 
0.998220640569395 0.0017793594306049821 
0.9888888888888889 0.011111111111111112 
0.9752163650668765 0.024783634933123525 
0.9691188580839967 0.030881141916003295 
0.9440934933670246 0.05590650663297536 
0.9281884335503638 0.07181156644963615 
0.9010714285714285 0.09892857142857144 
0.6417748917748918 0.3582251082251082 
0.5931351114997814 0.4068648885002186 
0.46602288984263235 0.5339771101573677 
0.40883838383838383 0.5911616161616161 
0.45884520884520885 0.5411547911547911 
0.1028169014084507 0.8971830985915493 
0.07891602144133412 0.9210839785586659 
0.04299928926794598 0.9570007107320541 
0.052582285255552585 0.9474177147444475 
0.05441374663072776 0.9455862533692723 
</TABLE>
</DEFINITION>
<DEFINITION>
<FOR>pixel3</FOR>
<GIVEN>pixel8</GIVEN>
<GIVEN>pixel10</GIVEN>
<GIVEN>pixel1</GIVEN>
<TABLE>
0.33380281690140845 0.6014084507042253 0.035211267605633804 0.029577464788732393 
0.21545454545454545 0.6936363636363636 0.07 0.02090909090909091 
0.20205479452054795 0.6472602739726028 0.08561643835616438 0.06506849315068493 
0.33410138248847926 0.4815668202764977 0.11290322580645161 0.07142857142857142 
0.17326732673267325 0.5792079207920792 0.11386138613861387 0.13366336633663367 
0.20434782608695654 0.6043478260869565 0.14347826086956522 0.04782608695652174 
0.1432806324110672 0.6254940711462451 0.1650197628458498 0.06620553359683795 
0.20867768595041322 0.5764462809917356 0.16322314049586778 0.05165289256198347 
0.15166666666666667 0.5416666666666666 0.20833333333333334 0.09833333333333333 
0.17672413793103448 0.5646551724137931 0.15086206896551724 0.10775862068965517 
0.3 0.4111111111111111 0.18888888888888888 0.1 
0.13288288288288289 0.5698198198198198 0.18243243243243243 0.11486486486486487 
0.10930232558139535 0.513953488372093 0.23953488372093024 0.1372093023255814 
0.09538152610441768 0.5110441767068273 0.21184738955823293 0.1817269076305221 
0.1206140350877193 0.4934210526315789 0.17763157894736842 0.20833333333333334 
0.3 0.38 0.14 0.18 
0.175 0.49166666666666664 0.125 0.20833333333333334 
0.13636363636363635 0.44545454545454544 0.19090909090909092 0.22727272727272727 
0.12745098039215685 0.43333333333333335 0.1784313725490196 0.2607843137254902 
0.10532994923857868 0.42258883248730966 0.16116751269035534 0.31091370558375636 
0.05963302752293578 0.8241590214067278 0.08409785932721713 0.03211009174311927 
0.055637982195845696 0.7574183976261127 0.1387240356083086 0.04821958456973294 
0.03757225433526012 0.6791907514450867 0.21676300578034682 0.06647398843930635 
0.039473684210526314 0.6447368421052632 0.20789473684210527 0.10789473684210527 
0.025 0.715 0.125 0.135 
0.0528169014084507 0.6373239436619719 0.20774647887323944 0.10211267605633803 
0.014723203769140165 0.6696113074204947 0.2502944640753828 0.06537102473498234 
0.02530120481927711 0.555421686746988 0.336144578313253 0.08313253012048193 
0.029002320185614848 0.5162412993039444 0.3004640371229698 0.154292343387471 
0.018115942028985508 0.4891304347826087 0.18478260869565216 0.3079710144927536 
0.08333333333333333 0.5092592592592593 0.23148148148148148 0.17592592592592593 
0.017195767195767195 0.5171957671957672 0.26851851851851855 0.1970899470899471 
0.021410579345088162 0.4622166246851385 0.2858942065491184 0.2304785894206549 
0.013083048919226393 0.44197952218430037 0.28725824800910127 0.257679180887372 
0.013671875 0.455078125 0.255859375 0.275390625 
0.05172413793103448 0.5 0.1896551724137931 0.25862068965517243 
0.022123893805309734 0.4646017699115044 0.14601769911504425 0.3672566371681416 
0.013157894736842105 0.34649122807017546 0.19736842105263158 0.44298245614035087 
0.014910536779324055 0.37475149105367794 0.22962226640159045 0.38071570576540753 
0.010236220472440945 0.36929133858267715 0.17559055118110237 0.4448818897637795 
0.05565371024734982 0.6174911660777385 0.20229681978798586 0.12455830388692579 
0.011894273127753305 0.43127753303964755 0.34933920704845817 0.20748898678414096 
0.019402985074626865 0.3208955223880597 0.31492537313432833 0.3447761194029851 
0.030193236714975844 0.3393719806763285 0.23067632850241546 0.3997584541062802 
0.01524390243902439 0.3079268292682927 0.15548780487804878 0.5213414634146342 
0.018465909090909092 0.40767045454545453 0.37357954545454547 0.2002840909090909 
0.009191176470588236 0.34532563025210083 0.43146008403361347 0.21402310924369747 
0.009071504802561366 0.28441835645677693 0.4295624332977588 0.27694770544290287 
0.01383587786259542 0.2428435114503817 0.31345419847328243 0.42986641221374045 
0.009668508287292817 0.26933701657458564 0.17541436464088397 0.5455801104972375 
0.012315270935960592 0.19950738916256158 0.39655172413793105 0.3916256157635468 
0.008928571428571428 0.2189625850340136 0.3541666666666667 0.4179421768707483 
0.004708904109589041 0.19220890410958905 0.3411815068493151 0.4619006849315068 
0.00509525919361985 0.18453699601240584 0.2394771821001329 0.5708905626938414 
0.003209242618741977 0.1495507060333761 0.19062901155327341 0.6566110397946084 
0.01171875 0.23046875 0.19140625 0.56640625 
0.011450381679389313 0.15903307888040713 0.16157760814249364 0.6679389312977099 
0.004098360655737705 0.13524590163934427 0.18989071038251365 0.6707650273224044 
0.006414172266340868 0.15302382406841783 0.14996945632254124 0.6905925473427 
0.004602713178294574 0.11991279069767442 0.11312984496124032 0.7623546511627907 
</TABLE>
</DEFINITION>
<DEFINITION>
<FOR>pixel4</FOR>
<GIVEN>emotion</GIVEN>
<GIVEN>pixel0</GIVEN>
<TABLE>
0.0740895772289661 0.4349100041858518 0.3277521975722059 0.11176224361657597 0.051485977396400165 
0.03501704369383328 0.35977688255345525 0.40935853734118377 0.13975828943290983 0.05608924697861791 
0.022852639873916468 0.3333333333333333 0.3490937746256895 0.2119779353821907 0.08274231678486997 
0.022660098522167486 0.3044334975369458 0.33201970443349754 0.21773399014778325 0.12315270935960591 
0.04568527918781726 0.39086294416243655 0.350253807106599 0.14720812182741116 0.06598984771573604 
0.0166270783847981 0.41092636579572445 0.4014251781472684 0.0831353919239905 0.08788598574821853 
0.046357615894039736 0.37748344370860926 0.33774834437086093 0.16556291390728478 0.0728476821192053 
0.023255813953488372 0.4263565891472868 0.1937984496124031 0.2248062015503876 0.13178294573643412 
0.04299065420560748 0.4517133956386293 0.33582554517133956 0.11900311526479751 0.05046728971962617 
0.02255174544331171 0.32282978066110596 0.3988260735248687 0.18504788384306456 0.07074451652764906 
0.02510716472749541 0.2847519902020821 0.3545621555419473 0.23453766074709123 0.10104102878138396 
0.0331925165962583 0.3023536511768256 0.31804465902232953 0.2685576342788171 0.07785153892576946 
0.03537949803447233 0.5198064711218627 0.31902026005443 0.10009071666162685 0.025703054127608104 
0.01915338805729921 0.45791083212618705 0.3825849026235313 0.10735554482536616 0.03299533236761629 
0.02000784621420165 0.40839544919576304 0.37151824244801884 0.1596704590035308 0.04040800313848568 
0.024304021210782147 0.3389306230667256 0.36014140521431726 0.20989836500220946 0.06672558550596554 
0.056535504296698326 0.5214834916327453 0.2962460425146992 0.10085933966530981 0.024875621890547265 
0.027603170265099754 0.44738999726701284 0.38289150040994807 0.10467340803498223 0.03744192402295709 
0.023743787962451683 0.4157923799006074 0.3583655438983987 0.154058531198233 0.048039757040309224 
0.032487761459724075 0.3956386292834891 0.3342234089897641 0.17846016911437473 0.059190031152647975 
0.05573534699748292 0.49011147069399497 0.32973750449478606 0.10391945343401654 0.020496224379719527 
0.03317048084340447 0.40293134481871945 0.39984571869375163 0.1391103111339676 0.024942144510156854 
0.020036429872495445 0.3491196114146934 0.40619307832422585 0.18518518518518517 0.03946569520340012 
0.04873294346978557 0.35152696556205326 0.34372969460688757 0.20727745289148797 0.04873294346978557 
0.03130148270181219 0.45634266886326197 0.31466227347611203 0.13673805601317957 0.060955518945634266 
0.01256913021618904 0.34338863750628457 0.371543489190548 0.17244846656611362 0.10005027652086476 
0.015302727877578177 0.32934131736526945 0.33998669328010644 0.18296739853626082 0.1324018629407851 
0.012008281573498964 0.2737060041407868 0.2803312629399586 0.3002070393374741 0.13374741200828158 
</TABLE>
</DEFINITION>
<DEFINITION>
<FOR>pixel5</FOR>
<GIVEN>pixel4</GIVEN>
<GIVEN>pixel9</GIVEN>
<TABLE>
0.9000734753857458 0.09772226304188097 7.347538574577516E-4 7.347538574577516E-4 7.347538574577516E-4 
0.850187265917603 0.13108614232209737 0.011235955056179775 0.003745318352059925 0.003745318352059925 
0.808 0.136 0.04 0.008 0.008 
0.5294117647058824 0.29411764705882354 0.058823529411764705 0.058823529411764705 0.058823529411764705 
0.04978922182978238 0.8566708442520223 0.09080551441266947 0.002620485359462231 1.1393414606357525E-4 
0.014500214500214501 0.8071214071214071 0.17614757614757615 0.002145002145002145 8.58000858000858E-5 
0.01640656262505002 0.7398959583833533 0.23569427771108442 0.007603041216486595 4.0016006402561027E-4 
0.05263157894736842 0.7543859649122807 0.15789473684210525 0.017543859649122806 0.017543859649122806 
0.0015022533800701052 0.07761642463695544 0.8227341011517276 0.09564346519779669 0.0025037556334501754 
1.0800302408467438E-4 0.05151744248838967 0.8829247218922129 0.065341829571228 1.0800302408467438E-4 
1.09421162052741E-4 0.04081409344567239 0.8721960827223985 0.08633329685961265 5.47105810263705E-4 
0.005917159763313609 0.14792899408284024 0.7159763313609467 0.10059171597633136 0.029585798816568046 
0.002105263157894737 0.010526315789473684 0.09894736842105263 0.8357894736842105 0.05263157894736842 
4.904364884747426E-4 4.904364884747426E-4 0.14173614516920058 0.8352133398724865 0.022069641981363415 
1.6636167027116953E-4 0.0014972550324405256 0.09166528031941441 0.8985193811345866 0.008151721843287307 
0.002188183807439825 0.002188183807439825 0.11597374179431072 0.8336980306345733 0.045951859956236324 
0.005917159763313609 0.005917159763313609 0.005917159763313609 0.23076923076923078 0.7514792899408284 
0.001652892561983471 0.001652892561983471 0.008264462809917356 0.24297520661157024 0.7454545454545455 
0.0011074197120708748 0.0011074197120708748 0.005537098560354375 0.20930232558139536 0.7829457364341085 
6.49772579597141E-4 6.49772579597141E-4 0.003248862897985705 0.12930474333983105 0.866146848602989 
</TABLE>
</DEFINITION>
<DEFINITION>
<FOR>pixel6</FOR>
<GIVEN>pixel7</GIVEN>
<GIVEN>pixel0</GIVEN>
<TABLE>
0.9240506329113924 0.0379746835443038 0.012658227848101266 0.012658227848101266 0.012658227848101266 
0.8181818181818182 0.030303030303030304 0.09090909090909091 0.030303030303030304 0.030303030303030304 
0.7142857142857143 0.14285714285714285 0.047619047619047616 0.047619047619047616 0.047619047619047616 
0.7647058823529411 0.058823529411764705 0.058823529411764705 0.058823529411764705 0.058823529411764705 
0.33549959382615757 0.5499593826157595 0.0934199837530463 0.01868399675060926 0.002437043054427295 
0.36416184971098264 0.5352601156069364 0.07283236994219654 0.024277456647398842 0.003468208092485549 
0.37694704049844235 0.5077881619937694 0.07165109034267912 0.040498442367601244 0.003115264797507788 
0.41204819277108434 0.41686746987951806 0.1180722891566265 0.05060240963855422 0.0024096385542168677 
0.008010908471109596 0.2572012953809443 0.6874041247656383 0.04619055735469576 0.0011931140276120675 
0.011213047910295617 0.19143730886850152 0.7255861365953109 0.06952089704383282 0.002242609582059123 
0.02040816326530612 0.19493314567206194 0.6354679802955665 0.14004222378606615 0.009148486980999296 
0.026378896882494004 0.23421262989608313 0.6147082334132694 0.11430855315747403 0.010391686650679457 
0.002422373926447919 0.01475445937018278 0.3789914115833517 0.5859942743889012 0.017837480731116493 
5.995717344753747E-4 0.007280513918629551 0.30089935760171305 0.6823982869379015 0.008822269807280514 
0.002069441250862267 0.008047827086686594 0.2692573005288572 0.6997010807082088 0.020924350425385145 
0.0026761819803746653 0.013380909901873328 0.26018435920309246 0.6913470115967886 0.03241153731787095 
0.003264417845484222 0.007616974972796518 0.055495103373231776 0.6539717083786725 0.279651795429815 
2.770850651149903E-4 0.0013854253255749516 0.024660570795234135 0.7550568024383486 0.21862011637572734 
3.5298270384751147E-4 3.5298270384751147E-4 0.025061771973173313 0.7479703494528768 0.22626191316625485 
3.4352456200618345E-4 0.0017176228100309172 0.030573686018550327 0.7148746135348677 0.2524905530745448 
0.002197802197802198 0.002197802197802198 0.02857142857142857 0.17802197802197803 0.789010989010989 
0.0019442644199611147 6.480881399870382E-4 0.007128969539857421 0.16655865197666883 0.8237200259235256 
6.199628022318661E-4 0.0030998140111593306 0.0030998140111593306 0.1791692498450093 0.8140111593304402 
3.027550711474417E-4 0.0015137753557372085 0.01059642749016046 0.14138661822585527 0.8462004238570996 
</TABLE>
</DEFINITION>
<DEFINITION>
<FOR>pixel7</FOR>
<GIVEN>emotion</GIVEN>
<TABLE>
0.004691858990616282 0.05769718488460563 0.26160284047679433 0.4218868881562262 0.1548313466903373 0.09928988080142023 
0.0011312217194570137 0.026018099547511313 0.2341628959276018 0.3947963800904977 0.25452488687782804 0.08936651583710407 
0.005050505050505051 0.05678738605567874 0.226779995072678 0.4164818920916482 0.1703621581670362 0.12453806356245381 
6.98421567257997E-5 0.021022489174465708 0.15749406341667832 0.4297387903338455 0.22174884760441402 0.16992596731387066 
0.001714746822675005 0.024107322977607423 0.23592898930804923 0.4588460762557999 0.18287270526528143 0.09653015937058705 
0.0033529770371875634 0.05700060963218858 0.29739890266206054 0.41505791505791506 0.14478764478764478 0.08240195082300346 
0.0010769230769230769 0.11984615384615385 0.27676923076923077 0.31861538461538463 0.15646153846153846 0.12723076923076923 
</TABLE>
</DEFINITION>
<DEFINITION>
<FOR>pixel8</FOR>
<GIVEN>pixel9</GIVEN>
<GIVEN>pixel4</GIVEN>
<GIVEN>pixel10</GIVEN>
<TABLE>
0.7955112219451371 0.12718204488778054 0.0773067331670823 
0.6640419947506562 0.19160104986876642 0.14435695538057744 
0.5782747603833865 0.19488817891373802 0.2268370607028754 
0.5604395604395604 0.18681318681318682 0.25274725274725274 
0.6066160035762181 0.302637460885114 0.09074653553866786 
0.5046464646464647 0.33171717171717174 0.16363636363636364 
0.448870636550308 0.3437371663244353 0.20739219712525667 
0.41233964569334147 0.32559560171044594 0.2620647525962126 
0.5550561797752809 0.298876404494382 0.14606741573033707 
0.41710296684118675 0.37521815008726006 0.20767888307155322 
0.4664371772805508 0.27710843373493976 0.25645438898450945 
0.38765432098765434 0.3234567901234568 0.28888888888888886 
0.8028169014084507 0.1267605633802817 0.07042253521126761 
0.518796992481203 0.18796992481203006 0.2932330827067669 
0.36752136752136755 0.26495726495726496 0.36752136752136755 
0.3416149068322981 0.22981366459627328 0.42857142857142855 
0.5294117647058824 0.17647058823529413 0.29411764705882354 
0.4117647058823529 0.2549019607843137 0.3333333333333333 
0.4461538461538462 0.3230769230769231 0.23076923076923078 
0.2558139534883721 0.16279069767441862 0.5813953488372093 
0.19480519480519481 0.22077922077922077 0.5844155844155844 
0.11475409836065574 0.11475409836065574 0.7704918032786885 
0.15942028985507245 0.21739130434782608 0.6231884057971014 
0.16417910447761194 0.19402985074626866 0.6417910447761194 
0.13680643795002118 0.45192714951291824 0.4112664125370606 
0.07715400780546383 0.3953767637346142 0.527469228459922 
0.08988447449985912 0.3400958016342632 0.5700197238658777 
0.06402313093762908 0.3688558446922759 0.567121024370095 
0.09742976688583384 0.29707112970711297 0.6054991034070532 
0.07912638739706408 0.2703186537773004 0.6505549588256355 
0.06367041198501873 0.2665985699693565 0.6697310180456247 
0.08427267847557703 0.2109500805152979 0.7047772410091251 
0.13261648745519714 0.3978494623655914 0.46953405017921146 
0.08009153318077804 0.2997711670480549 0.620137299771167 
0.09668109668109669 0.26695526695526695 0.6363636363636364 
0.054945054945054944 0.29356357927786497 0.6514913657770801 
0.21348314606741572 0.4157303370786517 0.3707865168539326 
0.1092436974789916 0.29411764705882354 0.5966386554621849 
0.1864406779661017 0.3333333333333333 0.480225988700565 
0.16299559471365638 0.28634361233480177 0.5506607929515418 
0.02857142857142857 0.14285714285714285 0.8285714285714286 
0.043478260869565216 0.13043478260869565 0.8260869565217391 
0.030303030303030304 0.15151515151515152 0.8181818181818182 
0.024390243902439025 0.17073170731707318 0.8048780487804879 
0.04283054003724395 0.08379888268156424 0.8733705772811918 
0.033093525179856115 0.13956834532374102 0.8273381294964028 
0.029453015427769985 0.09396914446002805 0.876577840112202 
0.0374331550802139 0.08377896613190731 0.8787878787878788 
0.05277973258268825 0.10063335679099226 0.8465869106263195 
0.02982257455643639 0.09324273310683277 0.8769346923367308 
0.01432855714761746 0.07097634121959347 0.9146951016327891 
0.01783132530120482 0.05927710843373494 0.9228915662650602 
0.08241082410824108 0.08733087330873308 0.8302583025830258 
0.03747244673034533 0.09478324761204997 0.8677443056576047 
0.03750660327522451 0.09138932910723718 0.8711040676175383 
0.017939518195797026 0.09277293695540749 0.8892875448487955 
0.0379746835443038 0.2911392405063291 0.6708860759493671 
0.13609467455621302 0.13609467455621302 0.727810650887574 
0.060498220640569395 0.1387900355871886 0.800711743772242 
0.04461942257217848 0.17585301837270342 0.7795275590551181 
0.1111111111111111 0.1111111111111111 0.7777777777777778 
0.3333333333333333 0.3333333333333333 0.3333333333333333 
0.3333333333333333 0.3333333333333333 0.3333333333333333 
0.1111111111111111 0.1111111111111111 0.7777777777777778 
0.06666666666666667 0.06666666666666667 0.8666666666666667 
0.09090909090909091 0.09090909090909091 0.8181818181818182 
0.05263157894736842 0.05263157894736842 0.8947368421052632 
0.05263157894736842 0.05263157894736842 0.8947368421052632 
0.02127659574468085 0.02127659574468085 0.9574468085106383 
0.061224489795918366 0.061224489795918366 0.8775510204081632 
0.08108108108108109 0.08108108108108109 0.8378378378378378 
0.023255813953488372 0.06976744186046512 0.9069767441860465 
0.0958904109589041 0.0958904109589041 0.8082191780821918 
0.04201680672268908 0.07563025210084033 0.8823529411764706 
0.008695652173913044 0.0782608695652174 0.9130434782608695 
0.03184713375796178 0.07006369426751592 0.8980891719745223 
0.06046511627906977 0.13488372093023257 0.8046511627906977 
0.02491103202846975 0.1601423487544484 0.8149466192170819 
0.04801670146137787 0.11899791231732777 0.8329853862212944 
0.02276707530647986 0.0647985989492119 0.9124343257443083 
</TABLE>
</DEFINITION>
<DEFINITION>
<FOR>pixel9</FOR>
<GIVEN>pixel4</GIVEN>
<GIVEN>pixel13</GIVEN>
<TABLE>
0.8366336633663366 0.11716171617161716 0.037953795379537955 0.00825082508250825 
0.786036036036036 0.16891891891891891 0.038288288288288286 0.006756756756756757 
0.6555555555555556 0.1962962962962963 0.12962962962962962 0.018518518518518517 
0.7331838565022422 0.15022421524663676 0.10986547085201794 0.006726457399103139 
0.4569968276348255 0.4710962284102926 0.07032076136764187 0.0015861825872400424 
0.3690345584201865 0.519884805266045 0.10847504114097642 0.002605595172792101 
0.3517042939353696 0.5309871624612661 0.11443116423196105 0.002877379371403276 
0.346 0.5074545454545455 0.14381818181818182 0.0027272727272727275 
0.1316216216216216 0.4727027027027027 0.3872972972972973 0.008378378378378378 
0.09856527977044477 0.47675753228120515 0.41592539454806315 0.008751793400286943 
0.0896338563956253 0.4481692819781265 0.4548264384213029 0.007370423204945316 
0.0782899366643209 0.40482054890921887 0.508972554539057 0.007916959887403237 
0.06578947368421052 0.2654798761609907 0.6137770897832817 0.05495356037151703 
0.052562988705473504 0.23848827106863596 0.656385751520417 0.052562988705473504 
0.06147986942328618 0.21708378672470077 0.6686615886833515 0.05277475516866159 
0.0437112239142696 0.21065989847715735 0.6985335589396503 0.04709531866892273 
0.05384615384615385 0.19230769230769232 0.2230769230769231 0.5307692307692308 
0.052825552825552825 0.1855036855036855 0.28132678132678135 0.48034398034398035 
0.07260273972602739 0.2232876712328767 0.27808219178082194 0.426027397260274 
0.03990610328638498 0.16823161189358374 0.2996870109546166 0.4921752738654147 
</TABLE>
</DEFINITION>
<DEFINITION>
<FOR>pixel10</FOR>
<GIVEN>pixel13</GIVEN>
<GIVEN>pixel6</GIVEN>
<GIVEN>pixel0</GIVEN>
<TABLE>
0.6455399061032864 0.20422535211267606 0.11971830985915492 0.03051643192488263 
0.18 0.34 0.22 0.26 
0.125 0.125 0.125 0.625 
0.25 0.25 0.25 0.25 
0.6983870967741935 0.21021505376344085 0.07258064516129033 0.01881720430107527 
0.40476190476190477 0.4142857142857143 0.11904761904761904 0.06190476190476191 
0.20833333333333334 0.041666666666666664 0.20833333333333334 0.5416666666666666 
0.3 0.3 0.1 0.3 
0.5632054176072234 0.3442437923250564 0.06884875846501129 0.023702031602708805 
0.3682170542635659 0.4095607235142119 0.1640826873385013 0.05813953488372093 
0.1875 0.4791666666666667 0.14583333333333334 0.1875 
0.25 0.25 0.08333333333333333 0.4166666666666667 
0.3433303491495076 0.38809310653536255 0.2135183527305282 0.05505819158460161 
0.23283261802575106 0.40665236051502146 0.26502145922746784 0.09549356223175966 
0.046875 0.234375 0.390625 0.328125 
0.23333333333333334 0.16666666666666666 0.16666666666666666 0.43333333333333335 
0.2707317073170732 0.2951219512195122 0.275609756097561 0.15853658536585366 
0.15333333333333332 0.3 0.24666666666666667 0.3 
0.03333333333333333 0.16666666666666666 0.3 0.5 
0.0625 0.0625 0.4375 0.4375 
0.25961538461538464 0.41346153846153844 0.27884615384615385 0.04807692307692308 
0.18316831683168316 0.3217821782178218 0.3613861386138614 0.13366336633663367 
0.4583333333333333 0.2916666666666667 0.041666666666666664 0.20833333333333334 
0.16666666666666666 0.16666666666666666 0.16666666666666666 0.5 
0.4344262295081967 0.39617486338797814 0.11748633879781421 0.05191256830601093 
0.20301624129930396 0.41879350348027844 0.3051044083526682 0.07308584686774942 
0.2037037037037037 0.2037037037037037 0.46296296296296297 0.12962962962962962 
0.35 0.15 0.35 0.15 
0.29928571428571427 0.5078571428571429 0.15357142857142858 0.039285714285714285 
0.20039249890972524 0.5004361098996947 0.2592673353685129 0.03990405582206716 
0.21942446043165467 0.23381294964028776 0.44244604316546765 0.10431654676258993 
0.21794871794871795 0.21794871794871795 0.24358974358974358 0.32051282051282054 
0.16009463722397477 0.43454258675078866 0.3146687697160883 0.09069400630914827 
0.1374296435272045 0.4088492808005003 0.3900875547217011 0.06363352095059412 
0.11022364217252396 0.2539936102236422 0.40415335463258784 0.23162939297124602 
0.17164179104477612 0.17164179104477612 0.3358208955223881 0.3208955223880597 
