<?xml version="1.0"?>
<!-- DTD for the XMLBIF 0.3 format -->
<!DOCTYPE BIF [
	<!ELEMENT BIF ( NETWORK )*>
	      <!ATTLIST BIF VERSION CDATA #REQUIRED>
	<!ELEMENT NETWORK ( NAME, ( PROPERTY | VARIABLE | DEFINITION )* )>
	<!ELEMENT NAME (#PCDATA)>
	<!ELEMENT VARIABLE ( NAME, ( OUTCOME |  PROPERTY )* ) >
	      <!ATTLIST VARIABLE TYPE (nature|decision|utility) "nature">
	<!ELEMENT OUTCOME (#PCDATA)>
	<!ELEMENT DEFINITION ( FOR | GIVEN | TABLE | PROPERTY )* >
	<!ELEMENT FOR (#PCDATA)>
	<!ELEMENT GIVEN (#PCDATA)>
	<!ELEMENT TABLE (#PCDATA)>
	<!ELEMENT PROPERTY (#PCDATA)>
]>


<BIF VERSION="0.3">
<NETWORK>
<NAME>faces-weka.filters.supervised.attribute.Discretize-Rfirst-last-precision6-weka.filters.unsupervised.attribute.ReplaceMissingValues</NAME>
<VARIABLE TYPE="nature">
<NAME>emotion</NAME>
<OUTCOME>angry</OUTCOME>
<OUTCOME>disgust</OUTCOME>
<OUTCOME>fear</OUTCOME>
<OUTCOME>happy</OUTCOME>
<OUTCOME>neutral</OUTCOME>
<OUTCOME>sad</OUTCOME>
<OUTCOME>surprise</OUTCOME>
</VARIABLE>
<VARIABLE TYPE="nature">
<NAME>pixel0</NAME>
<OUTCOME>&apos;\&apos;(-inf-0.448039]\&apos;&apos;</OUTCOME>
<OUTCOME>&apos;\&apos;(0.448039-0.680882]\&apos;&apos;</OUTCOME>
<OUTCOME>&apos;\&apos;(0.680882-0.77549]\&apos;&apos;</OUTCOME>
<OUTCOME>&apos;\&apos;(0.77549-inf)\&apos;&apos;</OUTCOME>
</VARIABLE>
<VARIABLE TYPE="nature">
<NAME>pixel1</NAME>
<OUTCOME>&apos;\&apos;(-inf-0.288235]\&apos;&apos;</OUTCOME>
<OUTCOME>&apos;\&apos;(0.288235-0.532843]\&apos;&apos;</OUTCOME>
<OUTCOME>&apos;\&apos;(0.532843-0.620588]\&apos;&apos;</OUTCOME>
<OUTCOME>&apos;\&apos;(0.620588-0.775]\&apos;&apos;</OUTCOME>
<OUTCOME>&apos;\&apos;(0.775-inf)\&apos;&apos;</OUTCOME>
</VARIABLE>
<VARIABLE TYPE="nature">
<NAME>pixel2</NAME>
<OUTCOME>&apos;\&apos;(-inf-0.569608]\&apos;&apos;</OUTCOME>
<OUTCOME>&apos;\&apos;(0.569608-inf)\&apos;&apos;</OUTCOME>
</VARIABLE>
<VARIABLE TYPE="nature">
<NAME>pixel3</NAME>
<OUTCOME>&apos;\&apos;(-inf-0.080392]\&apos;&apos;</OUTCOME>
<OUTCOME>&apos;\&apos;(0.080392-0.492157]\&apos;&apos;</OUTCOME>
<OUTCOME>&apos;\&apos;(0.492157-0.672549]\&apos;&apos;</OUTCOME>
<OUTCOME>&apos;\&apos;(0.672549-inf)\&apos;&apos;</OUTCOME>
</VARIABLE>
<VARIABLE TYPE="nature">
<NAME>pixel4</NAME>
<OUTCOME>&apos;\&apos;(-inf-0.018137]\&apos;&apos;</OUTCOME>
<OUTCOME>&apos;\&apos;(0.018137-0.348039]\&apos;&apos;</OUTCOME>
<OUTCOME>&apos;\&apos;(0.348039-0.733824]\&apos;&apos;</OUTCOME>
<OUTCOME>&apos;\&apos;(0.733824-0.972059]\&apos;&apos;</OUTCOME>
<OUTCOME>&apos;\&apos;(0.972059-inf)\&apos;&apos;</OUTCOME>
</VARIABLE>
<VARIABLE TYPE="nature">
<NAME>pixel5</NAME>
<OUTCOME>&apos;\&apos;(-inf-0.026961]\&apos;&apos;</OUTCOME>
<OUTCOME>&apos;\&apos;(0.026961-0.323039]\&apos;&apos;</OUTCOME>
<OUTCOME>&apos;\&apos;(0.323039-0.722549]\&apos;&apos;</OUTCOME>
<OUTCOME>&apos;\&apos;(0.722549-0.982843]\&apos;&apos;</OUTCOME>
<OUTCOME>&apos;\&apos;(0.982843-inf)\&apos;&apos;</OUTCOME>
</VARIABLE>
<VARIABLE TYPE="nature">
<NAME>pixel6</NAME>
<OUTCOME>&apos;\&apos;(-inf-0.081373]\&apos;&apos;</OUTCOME>
<OUTCOME>&apos;\&apos;(0.081373-0.215196]\&apos;&apos;</OUTCOME>
<OUTCOME>&apos;\&apos;(0.215196-0.441667]\&apos;&apos;</OUTCOME>
<OUTCOME>&apos;\&apos;(0.441667-0.708824]\&apos;&apos;</OUTCOME>
<OUTCOME>&apos;\&apos;(0.708824-inf)\&apos;&apos;</OUTCOME>
</VARIABLE>
<VARIABLE TYPE="nature">
<NAME>pixel7</NAME>
<OUTCOME>&apos;\&apos;(-inf-0.006373]\&apos;&apos;</OUTCOME>
<OUTCOME>&apos;\&apos;(0.006373-0.141667]\&apos;&apos;</OUTCOME>
<OUTCOME>&apos;\&apos;(0.141667-0.364216]\&apos;&apos;</OUTCOME>
<OUTCOME>&apos;\&apos;(0.364216-0.607843]\&apos;&apos;</OUTCOME>
<OUTCOME>&apos;\&apos;(0.607843-0.734804]\&apos;&apos;</OUTCOME>
<OUTCOME>&apos;\&apos;(0.734804-inf)\&apos;&apos;</OUTCOME>
</VARIABLE>
<VARIABLE TYPE="nature">
<NAME>pixel8</NAME>
<OUTCOME>&apos;\&apos;(-inf-0.15098]\&apos;&apos;</OUTCOME>
<OUTCOME>&apos;\&apos;(0.15098-0.337255]\&apos;&apos;</OUTCOME>
<OUTCOME>&apos;\&apos;(0.337255-inf)\&apos;&apos;</OUTCOME>
</VARIABLE>
<VARIABLE TYPE="nature">
<NAME>pixel9</NAME>
<OUTCOME>&apos;\&apos;(-inf-0.159314]\&apos;&apos;</OUTCOME>
<OUTCOME>&apos;\&apos;(0.159314-0.503431]\&apos;&apos;</OUTCOME>
<OUTCOME>&apos;\&apos;(0.503431-0.955882]\&apos;&apos;</OUTCOME>
<OUTCOME>&apos;\&apos;(0.955882-inf)\&apos;&apos;</OUTCOME>
</VARIABLE>
<VARIABLE TYPE="nature">
<NAME>pixel10</NAME>
<OUTCOME>&apos;\&apos;(-inf-0.42402]\&apos;&apos;</OUTCOME>
<OUTCOME>&apos;\&apos;(0.42402-0.62598]\&apos;&apos;</OUTCOME>
<OUTCOME>&apos;\&apos;(0.62598-0.77549]\&apos;&apos;</OUTCOME>
<OUTCOME>&apos;\&apos;(0.77549-inf)\&apos;&apos;</OUTCOME>
</VARIABLE>
<VARIABLE TYPE="nature">
<NAME>pixel11</NAME>
<OUTCOME>&apos;\&apos;(-inf-0.411275]\&apos;&apos;</OUTCOME>
<OUTCOME>&apos;\&apos;(0.411275-0.751471]\&apos;&apos;</OUTCOME>
<OUTCOME>&apos;\&apos;(0.751471-0.983333]\&apos;&apos;</OUTCOME>
<OUTCOME>&apos;\&apos;(0.983333-inf)\&apos;&apos;</OUTCOME>
</VARIABLE>
<VARIABLE TYPE="nature">
<NAME>pixel12</NAME>
<OUTCOME>&apos;\&apos;(-inf-0.405882]\&apos;&apos;</OUTCOME>
<OUTCOME>&apos;\&apos;(0.405882-0.564216]\&apos;&apos;</OUTCOME>
<OUTCOME>&apos;\&apos;(0.564216-0.67549]\&apos;&apos;</OUTCOME>
<OUTCOME>&apos;\&apos;(0.67549-0.802941]\&apos;&apos;</OUTCOME>
<OUTCOME>&apos;\&apos;(0.802941-inf)\&apos;&apos;</OUTCOME>
</VARIABLE>
<VARIABLE TYPE="nature">
<NAME>pixel13</NAME>
<OUTCOME>&apos;\&apos;(-inf-0.44902]\&apos;&apos;</OUTCOME>
<OUTCOME>&apos;\&apos;(0.44902-0.648039]\&apos;&apos;</OUTCOME>
<OUTCOME>&apos;\&apos;(0.648039-0.745098]\&apos;&apos;</OUTCOME>
<OUTCOME>&apos;\&apos;(0.745098-inf)\&apos;&apos;</OUTCOME>
</VARIABLE>
<DEFINITION>
<FOR>emotion</FOR>
<TABLE>
0.1372350984728438 0.015306388980793006 0.14127501001271178 0.24923816323332232 0.1725494976230693 0.17129573197276543 0.1131001097044944 
</TABLE>
</DEFINITION>
<DEFINITION>
<FOR>pixel0</FOR>
<GIVEN>emotion</GIVEN>
<TABLE>
0.3025114155251142 0.40880263825469304 0.1604515474378488 0.128234398782344 
0.21882086167800455 0.47278911564625853 0.16666666666666666 0.1417233560090703 
0.1972646623952686 0.3983489403647117 0.2007146377525875 0.20367175948743224 
0.230720871751886 0.4337105336686225 0.17777312098351494 0.15779547359597654 
0.2226594027441485 0.3687449556093624 0.18230427764326068 0.2262913640032284 
0.28221544715447155 0.3948170731707317 0.16697154471544715 0.1559959349593496 
0.09279778393351801 0.30547860880270855 0.2306863650353955 0.371037242228378 
</TABLE>
</DEFINITION>
<DEFINITION>
<FOR>pixel1</FOR>
<GIVEN>emotion</GIVEN>
<GIVEN>pixel0</GIVEN>
<TABLE>
0.22561741314357472 0.4541649225617413 0.12683131017161992 0.1452490581833403 0.04813729593972373 
0.07220328478462969 0.3213511000929656 0.23644251626898047 0.3027579795475674 0.06724511930585683 
0.04334121355397951 0.21355397951142632 0.16469661150512213 0.39952718676122934 0.17888100866824272 
0.054187192118226604 0.11921182266009853 0.11527093596059114 0.28669950738916256 0.4246305418719212 
0.14720812182741116 0.5329949238578681 0.12690355329949238 0.13705583756345177 0.05583756345177665 
0.026128266033254157 0.28741092636579574 0.25415676959619954 0.334916864608076 0.09738717339667459 
0.033112582781456956 0.2052980132450331 0.12582781456953643 0.4304635761589404 0.2052980132450331 
0.023255813953488372 0.06976744186046512 0.17829457364341086 0.3488372093023256 0.3798449612403101 
0.16510903426791276 0.40809968847352024 0.14890965732087227 0.18130841121495328 0.09657320872274143 
0.06950880444856349 0.26042632066728455 0.23262279888785914 0.3222119246215632 0.1152301513747297 
0.039804041641151255 0.13900796080832822 0.1475811390079608 0.4439681567666871 0.22963870177587262 
0.0356065178032589 0.1007845503922752 0.08267954133977067 0.3264936632468316 0.4544357272178636 
0.2047172664045963 0.5173873601451466 0.11339582703356517 0.12246749319625037 0.042032053220441484 
0.042974408498309996 0.3355866731047803 0.23161113793658458 0.3104780299372284 0.07934975052309673 
0.02550019615535504 0.1463318948607297 0.14790113770105923 0.49391918399372303 0.186347587289133 
0.01723376049491825 0.0958904109589041 0.07114449845338047 0.34776844896155545 0.46796288113124174 
0.21483491632745363 0.4663048394391678 0.1080958842152872 0.13975576662143827 0.0710085933966531 
0.062038808417600434 0.30636786007105765 0.21891227111232578 0.3145668215359388 0.09811423886307734 
0.02816123688569851 0.1529541689674213 0.10877967973495306 0.4875759249033683 0.22252898950855882 
0.03693813974187806 0.08055184690698709 0.06542056074766354 0.31019136626613264 0.5068980863373387 
0.2067601582164689 0.4620640057533261 0.1147069399496584 0.15426105717367852 0.06220783890686803 
0.07688351761378247 0.34893288763178193 0.21470815119568012 0.2697351504242736 0.08974029313448187 
0.054037644201578625 0.21311475409836064 0.1681845780206436 0.3928354584092289 0.17182756527018822 
0.051332033788174136 0.13450292397660818 0.07862248213125406 0.2930474333983106 0.442495126705653 
0.12685337726523888 0.3014827018121911 0.13673805601317957 0.26194398682042835 0.17298187808896212 
0.029663147310206132 0.2066365007541478 0.21769733534439417 0.3695324283559578 0.17647058823529413 
0.011310711909514305 0.10179640718562874 0.13506320691949433 0.46773120425815035 0.28409846972721225 
0.016149068322981366 0.11801242236024845 0.06749482401656315 0.2670807453416149 0.5312629399585921 
</TABLE>
</DEFINITION>
<DEFINITION>
<FOR>pixel2</FOR>
<GIVEN>emotion</GIVEN>
<GIVEN>pixel1</GIVEN>
<TABLE>
0.7329545454545454 0.26704545454545453 
0.597531847133758 0.40246815286624205 
0.46402877697841727 0.5359712230215827 
0.3900943396226415 0.6099056603773585 
0.36133603238866396 0.638663967611336 
0.8478260869565217 0.15217391304347827 
0.5113636363636364 0.48863636363636365 
0.37790697674418605 0.622093023255814 
0.20652173913043478 0.7934782608695652 
0.11538461538461539 0.8846153846153846 
0.7401960784313726 0.25980392156862747 
0.6640211640211641 0.335978835978836 
0.4934210526315789 0.506578947368421 
0.40300230946882215 0.5969976905311778 
0.3307134220072551 0.6692865779927448 
0.754302103250478 0.245697896749522 
0.6603558394160584 0.3396441605839416 
0.5068085106382979 0.49319148936170215 
0.42370945637277296 0.5762905436272271 
0.3304066543438078 0.6695933456561922 
0.854916067146283 0.145083932853717 
0.7718558282208589 0.2281441717791411 
0.6345875542691751 0.3654124457308249 
0.5026333113890717 0.49736668861092825 
0.4489299610894942 0.5510700389105059 
0.8009615384615385 0.19903846153846153 
0.6926203877423389 0.30737961225766103 
0.5141935483870967 0.4858064516129032 
0.43395493395493395 0.566045066045066 
0.39555256064690025 0.6044474393530997 
0.7421052631578947 0.2578947368421053 
0.6669902912621359 0.33300970873786406 
0.5329545454545455 0.46704545454545454 
0.4433035714285714 0.5566964285714285 
0.3322550831792976 0.6677449168207024 
</TABLE>
</DEFINITION>
<DEFINITION>
<FOR>pixel3</FOR>
<GIVEN>emotion</GIVEN>
<GIVEN>pixel2</GIVEN>
<GIVEN>pixel0</GIVEN>
<TABLE>
0.11274509803921569 0.7163865546218487 0.15756302521008403 0.01330532212885154 
0.0625 0.6559466019417476 0.2506067961165049 0.030946601941747573 
0.10854092526690391 0.5604982206405694 0.26868327402135234 0.06227758007117438 
0.08908045977011494 0.5718390804597702 0.21551724137931033 0.1235632183908046 
0.001037344398340249 0.06535269709543569 0.3620331950207469 0.5715767634854771 
0.0018963337547408343 0.02338811630847029 0.28508217446270545 0.6896333754740834 
0.0014084507042253522 0.02112676056338028 0.19577464788732393 0.7816901408450704 
0.0014925373134328358 0.034328358208955224 0.15074626865671642 0.8134328358208955 
0.044642857142857144 0.7946428571428571 0.15178571428571427 0.008928571428571428 
0.046052631578947366 0.4276315789473684 0.46710526315789475 0.05921052631578947 
0.025 0.525 0.425 0.025 
0.05555555555555555 0.6111111111111112 0.16666666666666666 0.16666666666666666 
0.011363636363636364 0.03409090909090909 0.48863636363636365 0.4659090909090909 
0.003676470588235294 0.04044117647058824 0.33455882352941174 0.6213235294117647 
0.008771929824561403 0.008771929824561403 0.043859649122807015 0.9385964912280702 
0.008771929824561403 0.043859649122807015 0.13157894736842105 0.8157894736842105 
0.07455268389662027 0.6968190854870775 0.2077534791252485 0.020874751491053677 
0.06099033816425121 0.6286231884057971 0.2832125603864734 0.02717391304347826 
0.06582633053221289 0.6372549019607843 0.2338935574229692 0.06302521008403361 
0.05718954248366013 0.5571895424836601 0.2696078431372549 0.11601307189542484 
0.0016611295681063123 0.08471760797342193 0.37375415282392027 0.5398671096345515 
0.001893939393939394 0.03598484848484849 0.3125 0.6496212121212122 
0.0010845986984815619 0.033622559652928416 0.14642082429501085 0.8188720173535792 
9.541984732824427E-4 0.04103053435114504 0.10973282442748092 0.8482824427480916 
0.07932910244786945 0.7067089755213055 0.19356300997280146 0.020398912058023574 
0.05404607206142942 0.6246308328411104 0.2944477259303012 0.02687536916715889 
0.06809701492537314 0.6222014925373134 0.2677238805970149 0.04197761194029851 
0.059343434343434344 0.5795454545454546 0.23106060606060605 0.13005050505050506 
9.057971014492754E-4 0.057065217391304345 0.3523550724637681 0.5896739130434783 
0.0010600706713780918 0.0342756183745583 0.32685512367491165 0.6378091872791519 
6.756756756756757E-4 0.03445945945945946 0.16959459459459458 0.7952702702702703 
0.0020352781546811396 0.027815468113975575 0.10922659430122117 0.8609226594301221 
0.11816065192083819 0.7374854481955763 0.13329452852153667 0.011059371362048894 
0.0791522491349481 0.6846885813148789 0.21323529411764705 0.022923875432525952 
0.08178053830227744 0.6511387163561076 0.2267080745341615 0.040372670807453416 
0.07771535580524344 0.6432584269662921 0.20131086142322097 0.07771535580524344 
0.0020161290322580645 0.0907258064516129 0.42943548387096775 0.4778225806451613 
0.0022222222222222222 0.04518518518518518 0.3488888888888889 0.6037037037037037 
0.0011792452830188679 0.05070754716981132 0.21108490566037735 0.7370283018867925 
8.460236886632825E-4 0.04483925549915398 0.11928934010152284 0.8350253807106599 
0.1175564681724846 0.7253593429158111 0.14527720739219713 0.011806981519507187 
0.0693822739480752 0.6307072515666965 0.27081468218442256 0.02909579230080573 
0.09128065395095368 0.5735694822888283 0.2656675749318801 0.06948228882833787 
0.09782608695652174 0.6413043478260869 0.16614906832298137 0.09472049689440994 
0.0011961722488038277 0.07057416267942583 0.4318181818181818 0.4964114832535885 
6.031363088057901E-4 0.05006031363088058 0.37575392038600725 0.5735826296743064 
0.001091703056768559 0.0425764192139738 0.22161572052401746 0.7347161572052402 
0.0011135857461024498 0.03229398663697105 0.15924276169265034 0.8073496659242761 
0.06544502617801047 0.6780104712041884 0.22251308900523561 0.034031413612565446 
0.027327935222672066 0.6892712550607287 0.2682186234817814 0.015182186234817813 
0.03639240506329114 0.6186708860759493 0.28322784810126583 0.061708860759493674 
0.0343811394891945 0.6159135559921415 0.24263261296660119 0.10707269155206287 
0.0043859649122807015 0.05701754385964912 0.4517543859649123 0.4868421052631579 
9.9601593625498E-4 0.04880478087649402 0.2818725099601594 0.6683266932270916 
0.0011441647597254005 0.030892448512585814 0.18878718535469108 0.7791762013729977 
7.142857142857143E-4 0.03357142857142857 0.11071428571428571 0.855 
</TABLE>
</DEFINITION>
<DEFINITION>
<FOR>pixel4</FOR>
<GIVEN>emotion</GIVEN>
<GIVEN>pixel3</GIVEN>
<TABLE>
0.2200557103064067 0.33147632311977715 0.28690807799442897 0.0807799442896936 0.0807799442896936 
0.03160188884852888 0.4253541590991646 0.3396294950962586 0.1376679985470396 0.06574645840900835 
0.035244608100999476 0.36138874276696475 0.4013677012098895 0.15202524986849028 0.04997369805365597 
0.03775545549012816 0.3307932109456183 0.37512989262209906 0.1770003463803256 0.07932109456182888 
0.2 0.3333333333333333 0.2 0.06666666666666667 0.2 
0.024630541871921183 0.5665024630541872 0.22167487684729065 0.15270935960591134 0.034482758620689655 
0.019305019305019305 0.3745173745173745 0.41312741312741313 0.10424710424710425 0.0888030888030888 
0.030878859857482184 0.34441805225653205 0.37767220902612825 0.14014251781472684 0.10688836104513064 
0.13409961685823754 0.4789272030651341 0.20306513409961685 0.11877394636015326 0.06513409961685823 
0.029076186970923814 0.3986013986013986 0.3338240706661759 0.166728008833272 0.07177033492822966 
0.025796661608497723 0.35154274152756704 0.4142640364188164 0.15022761760242792 0.058168942842690946 
0.02297765187283601 0.26219704123386844 0.3641800440667296 0.26345609065155806 0.08718917217500786 
0.11387163561076605 0.5072463768115942 0.2629399585921325 0.09316770186335403 0.022774327122153208 
0.02356902356902357 0.5218855218855218 0.31313131313131315 0.10675381263616558 0.034660328777975834 
0.019076582803428256 0.4487144042023777 0.4050317943046724 0.10367708045341444 0.023500138236107273 
0.01910090681072738 0.3606019679722169 0.38992861277252555 0.1776963148755547 0.052672197568975496 
0.10707803992740472 0.5245009074410163 0.23411978221415608 0.08892921960072596 0.045372050816696916 
0.03459335624284078 0.49736540664375717 0.3127147766323024 0.10607101947308133 0.049255441008018326 
0.027352804821511357 0.4334724153917478 0.38711172925359294 0.12100139082058414 0.031061659712563746 
0.025569176882661998 0.36322241681260947 0.39474605954465847 0.1796847635726795 0.03677758318739054 
0.1533980582524272 0.5300970873786408 0.21165048543689322 0.08737864077669903 0.017475728155339806 
0.03805332643023557 0.4776080766243852 0.3341962205539736 0.12606782293554233 0.024074553455863318 
0.025029797377830752 0.37544696066746125 0.4302741358760429 0.1410409217322209 0.02820818434644418 
0.034785545423843295 0.3319824383654171 0.4008780817291456 0.19148936170212766 0.040864572779466396 
0.11711711711711711 0.42342342342342343 0.15315315315315314 0.1891891891891892 0.11711711711711711 
0.018651362984218076 0.4050693448110952 0.2682926829268293 0.17742706838833094 0.13055954088952654 
0.004732927653820149 0.30899256254225826 0.3793103448275862 0.21433400946585532 0.09263015551048005 
0.013060360042357924 0.27003176844334625 0.3455700670667137 0.25308859865866573 0.11824920578891635 
</TABLE>
</DEFINITION>
<DEFINITION>
<FOR>pixel5</FOR>
<GIVEN>emotion</GIVEN>
<GIVEN>pixel4</GIVEN>
<TABLE>
0.9067055393586005 0.08454810495626822 0.0029154518950437317 0.0029154518950437317 0.0029154518950437317 
0.03716331401295602 0.8227071258097511 0.1353562904875554 0.004432321854756222 3.4094783498124785E-4 
0.0010398613518197574 0.04610051993067591 0.8620450606585789 0.08838821490467938 0.0024263431542461003 
8.271298593879239E-4 8.271298593879239E-4 0.10835401157981803 0.8610421836228288 0.028949545078577336 
0.001869158878504673 0.001869158878504673 0.009345794392523364 0.1588785046728972 0.8280373831775701 
0.5555555555555556 0.3333333333333333 0.037037037037037035 0.037037037037037035 0.037037037037037035 
0.0027548209366391185 0.7465564738292011 0.24517906336088155 0.0027548209366391185 0.0027548209366391185 
0.0031746031746031746 0.022222222222222223 0.8158730158730159 0.15555555555555556 0.0031746031746031746 
0.008403361344537815 0.008403361344537815 0.09243697478991597 0.8823529411764706 0.008403361344537815 
0.012658227848101266 0.012658227848101266 0.012658227848101266 0.08860759493670886 0.8734177215189873 
0.8493723849372385 0.1297071129707113 0.012552301255230125 0.0041841004184100415 0.0041841004184100415 
0.0339788089148703 0.7990500548045305 0.16331750091340885 0.003288271830471319 3.6536353671903543E-4 
3.4048348655090226E-4 0.04800817160367722 0.8685733741913517 0.08273748723186926 3.4048348655090226E-4 
6.176652254478073E-4 6.176652254478073E-4 0.11550339715873996 0.865348980852378 0.017912291537986413 
0.001652892561983471 0.001652892561983471 0.008264462809917356 0.17024793388429751 0.8181818181818182 
0.8892128279883382 0.09037900874635568 0.014577259475218658 0.0029154518950437317 0.0029154518950437317 
0.021183116271771538 0.825200062764789 0.15016475757100267 0.0032951514200533502 1.5691197238349287E-4 
1.9249278152069297E-4 0.05871029836381136 0.8725697786333012 0.06794995187680462 5.774783445620789E-4 
5.31632110579479E-4 0.001594896331738437 0.1089845826687932 0.8787878787878788 0.010101010101010102 
0.001834862385321101 0.001834862385321101 0.005504587155963303 0.1779816513761468 0.8128440366972477 
0.8367346938775511 0.15451895043731778 0.0029154518950437317 0.0029154518950437317 0.0029154518950437317 
0.023685991427926913 0.8357771260997068 0.13737875028197608 0.002932551319648094 2.2558087074216106E-4 
2.892681515765114E-4 0.050621926525889496 0.8871854208851605 0.06161411628579693 2.892681515765114E-4 
7.77000777000777E-4 0.003885003885003885 0.10023310023310024 0.8865578865578866 0.008547008547008548 
0.002421307506053269 0.002421307506053269 0.002421307506053269 0.18159806295399517 0.8111380145278451 
0.9236641221374046 0.06870229007633588 0.002544529262086514 0.002544529262086514 0.002544529262086514 
0.039288361749444035 0.8191252779836916 0.13862120088954782 0.0027180627625401532 2.4709661477637757E-4 
2.7240533914464724E-4 0.038953963497684554 0.8801416507763552 0.07926995369109234 0.001362026695723236 
6.872852233676976E-4 0.003436426116838488 0.1161512027491409 0.874914089347079 0.004810996563573883 
0.003389830508474576 0.003389830508474576 0.010169491525423728 0.22033898305084745 0.7627118644067796 
0.8350515463917526 0.13402061855670103 0.010309278350515464 0.010309278350515464 0.010309278350515464 
0.024090694378837978 0.7893245158242796 0.18469532357109117 0.0014170996693434106 4.723665564478035E-4 
4.7192071731949034E-4 0.06087777253421425 0.8433223218499292 0.09485606418121756 4.7192071731949034E-4 
7.00770847932726E-4 0.002102312543798178 0.07778556412053259 0.8906797477224947 0.028731604765241767 
0.0013175230566534915 0.0013175230566534915 0.0013175230566534915 0.19104084321475626 0.8050065876152833 
</TABLE>
</DEFINITION>
<DEFINITION>
<FOR>pixel6</FOR>
<GIVEN>emotion</GIVEN>
<GIVEN>pixel1</GIVEN>
<GIVEN>pixel0</GIVEN>
<TABLE>
0.15285451197053407 0.3333333333333333 0.3701657458563536 0.11970534069981584 0.02394106813996317 
0.06329113924050633 0.0970464135021097 0.3924050632911392 0.4008438818565401 0.046413502109704644 
0.05084745762711865 0.11864406779661017 0.3220338983050847 0.423728813559322 0.0847457627118644 
0.11864406779661017 0.0847457627118644 0.4576271186440678 0.1864406779661017 0.15254237288135594 
0.04315886134067952 0.20110192837465565 0.48943985307621674 0.23415977961432508 0.03213957759412305 
0.022094140249759846 0.08357348703170028 0.45244956772334294 0.38904899135446686 0.052833813640730067 
0.0036363636363636364 0.08363636363636363 0.3018181818181818 0.5345454545454545 0.07636363636363637 
0.024 0.024 0.264 0.44 0.248 
0.035830618892508145 0.08794788273615635 0.4201954397394137 0.3550488599348534 0.10097719869706841 
0.011734028683181226 0.0560625814863103 0.32985658409387225 0.5332464146023468 0.06910039113428944 
0.014084507042253521 0.04225352112676056 0.15492957746478872 0.6807511737089202 0.107981220657277 
0.05785123966942149 0.0743801652892562 0.12396694214876033 0.5702479338842975 0.17355371900826447 
0.014245014245014245 0.07692307692307693 0.30484330484330485 0.4586894586894587 0.1452991452991453 
0.027522935779816515 0.0581039755351682 0.25382262996941896 0.5412844036697247 0.11926605504587157 
0.0136986301369863 0.021526418786692758 0.15851272015655576 0.6046966731898239 0.20156555772994128 
0.010169491525423728 0.01694915254237288 0.12542372881355932 0.5796610169491525 0.2677966101694915 
0.025210084033613446 0.1092436974789916 0.17647058823529413 0.4117647058823529 0.2773109243697479 
0.049773755656108594 0.049773755656108594 0.13122171945701358 0.502262443438914 0.2669683257918552 
0.012987012987012988 0.004329004329004329 0.15151515151515152 0.3939393939393939 0.43722943722943725 
0.011494252873563218 0.02528735632183908 0.12183908045977011 0.4850574712643678 0.3563218390804598 
0.09090909090909091 0.3333333333333333 0.5151515151515151 0.030303030303030304 0.030303030303030304 
0.2 0.06666666666666667 0.4666666666666667 0.2 0.06666666666666667 
0.1111111111111111 0.5555555555555556 0.1111111111111111 0.1111111111111111 0.1111111111111111 
0.14285714285714285 0.14285714285714285 0.42857142857142855 0.14285714285714285 0.14285714285714285 
0.009174311926605505 0.1559633027522936 0.5412844036697247 0.28440366972477066 0.009174311926605505 
0.008 0.04 0.472 0.36 0.12 
0.08571428571428572 0.2 0.14285714285714285 0.42857142857142855 0.14285714285714285 
0.07692307692307693 0.23076923076923078 0.38461538461538464 0.23076923076923078 0.07692307692307693 
0.034482758620689655 0.10344827586206896 0.3793103448275862 0.4482758620689655 0.034482758620689655 
0.009009009009009009 0.06306306306306306 0.22522522522522523 0.5495495495495496 0.15315315315315314 
0.043478260869565216 0.13043478260869565 0.043478260869565216 0.6521739130434783 0.13043478260869565 
0.037037037037037035 0.037037037037037035 0.18518518518518517 0.7037037037037037 0.037037037037037035 
0.03225806451612903 0.03225806451612903 0.41935483870967744 0.4838709677419355 0.03225806451612903 
0.006896551724137931 0.006896551724137931 0.15862068965517243 0.6275862068965518 0.2 
0.014492753623188406 0.043478260869565216 0.13043478260869565 0.6811594202898551 0.13043478260869565 
0.02040816326530612 0.02040816326530612 0.14285714285714285 0.5102040816326531 0.30612244897959184 
0.06666666666666667 0.06666666666666667 0.3333333333333333 0.3333333333333333 0.2 
0.022222222222222223 0.06666666666666667 0.15555555555555556 0.5111111111111111 0.24444444444444444 
0.02857142857142857 0.02857142857142857 0.2 0.5428571428571428 0.2 
0.018867924528301886 0.018867924528301886 0.09433962264150944 0.5471698113207547 0.32075471698113206 
0.13011152416356878 0.3308550185873606 0.4275092936802974 0.10037174721189591 0.011152416356877323 
0.09170305676855896 0.21397379912663755 0.32751091703056767 0.33624454148471616 0.03056768558951965 
0.13043478260869565 0.07246376811594203 0.36231884057971014 0.3333333333333333 0.10144927536231885 
0.07936507936507936 0.047619047619047616 0.3333333333333333 0.2698412698412698 0.2698412698412698 
0.05311077389984825 0.24127465857359637 0.511380880121396 0.17147192716236723 0.02276176024279211 
0.01770956316410862 0.11688311688311688 0.4734356552538371 0.345926800472255 0.04604486422668241 
0.05627705627705628 0.047619047619047616 0.2987012987012987 0.49783549783549785 0.09956709956709957 
0.017543859649122806 0.07602339181286549 0.2982456140350877 0.34502923976608185 0.2631578947368421 
0.0205761316872428 0.06172839506172839 0.4732510288065844 0.4156378600823045 0.02880658436213992 
0.0066050198150594455 0.07529722589167767 0.3474240422721268 0.5112285336856011 0.059445178335535004 
0.02040816326530612 0.044897959183673466 0.2163265306122449 0.6163265306122448 0.10204081632653061 
0.02127659574468085 0.04964539007092199 0.19148936170212766 0.44680851063829785 0.2907801418439716 
0.0576271186440678 0.07796610169491526 0.30847457627118646 0.46440677966101696 0.09152542372881356 
0.02387774594078319 0.06017191977077364 0.2626552053486151 0.5434574976122254 0.10983763132760267 
0.012345679012345678 0.04252400548696845 0.25651577503429357 0.5500685871056241 0.13854595336076816 
0.01651376146788991 0.02018348623853211 0.1596330275229358 0.544954128440367 0.25871559633027524 
0.0440251572327044 0.08176100628930817 0.32075471698113206 0.34591194968553457 0.20754716981132076 
0.023872679045092837 0.03978779840848806 0.1989389920424403 0.4376657824933687 0.29973474801061006 
0.0079155672823219 0.029023746701846966 0.13984168865435356 0.45118733509234826 0.3720316622691293 
0.011889035667107 0.03830911492734478 0.12285336856010567 0.45310435931307796 0.37384412153236457 
0.030837004405286344 0.2393538913362702 0.5124816446402349 0.18649045521292218 0.030837004405286344 
0.033210332103321034 0.12177121771217712 0.3800738007380074 0.41697416974169743 0.04797047970479705 
0.07246376811594203 0.15942028985507245 0.3333333333333333 0.2753623188405797 0.15942028985507245 
0.023255813953488372 0.20930232558139536 0.20930232558139536 0.3488372093023256 0.20930232558139536 
0.012244897959183673 0.09271137026239067 0.4577259475218659 0.3912536443148688 0.046064139941690965 
0.008137865007180469 0.04930588798468167 0.3039731929152705 0.569171852561034 0.06941120153183342 
0.007957559681697613 0.023872679045092837 0.16180371352785147 0.5915119363395226 0.21485411140583555 
0.004524886877828055 0.049773755656108594 0.18552036199095023 0.4660633484162896 0.29411764705882354 
0.018469656992084433 0.05013192612137203 0.33509234828496043 0.5145118733509235 0.08179419525065963 
6.93000693000693E-4 0.018711018711018712 0.2072072072072072 0.6410256410256411 0.13236313236313235 
0.0026246719160104987 0.013123359580052493 0.2125984251968504 0.5485564304461942 0.2230971128608924 
0.01818181818181818 0.01818181818181818 0.11515151515151516 0.4666666666666667 0.38181818181818183 
0.012224938875305624 0.08068459657701711 0.21271393643031786 0.5403422982885085 0.15403422982885084 
0.0046559751681324365 0.02431453698913606 0.14123124676668392 0.6326952922917745 0.19710294878427315 
0.0023752969121140144 0.013460015835312747 0.10055423594615993 0.569279493269992 0.3143309580364212 
0.0037926675094816687 0.01643489254108723 0.05941845764854614 0.48166877370417194 0.438685208596713 
0.02097902097902098 0.04895104895104895 0.24475524475524477 0.38461538461538464 0.3006993006993007 
0.006036217303822937 0.030181086519114688 0.08249496981891348 0.5331991951710262 0.34808853118712274 
0.0020876826722338203 0.031315240083507306 0.06889352818371608 0.44467640918580376 0.453027139874739 
0.0028222013170272815 0.01975540921919097 0.053621825023518345 0.3753527751646284 0.548447789275635 
0.04384133611691023 0.348643006263048 0.524008350730689 0.06889352818371608 0.014613778705636743 
0.03896103896103896 0.18614718614718614 0.4805194805194805 0.2727272727272727 0.021645021645021644 
0.05454545454545454 0.16363636363636364 0.23636363636363636 0.45454545454545453 0.09090909090909091 
0.08045977011494253 0.08045977011494253 0.1724137931034483 0.47126436781609193 0.19540229885057472 
0.014492753623188406 0.1323671497584541 0.6734299516908212 0.16908212560386474 0.010628019323671498 
0.009777777777777778 0.06133333333333333 0.5217777777777778 0.3831111111111111 0.024 
0.0035587188612099642 0.03202846975088968 0.33807829181494664 0.5302491103202847 0.09608540925266904 
0.005405405405405406 0.016216216216216217 0.2756756756756757 0.5351351351351351 0.16756756756756758 
0.012345679012345678 0.1522633744855967 0.4567901234567901 0.35802469135802467 0.0205761316872428 
0.0012422360248447205 0.02608695652173913 0.34658385093167704 0.5925465838509317 0.03354037267080745 
0.024875621890547265 0.024875621890547265 0.22388059701492538 0.6119402985074627 0.11442786069651742 
0.006622516556291391 0.019867549668874173 0.24503311258278146 0.6158940397350994 0.11258278145695365 
0.02875399361022364 0.08626198083067092 0.3610223642172524 0.4504792332268371 0.07348242811501597 
0.004329004329004329 0.012987012987012988 0.2623376623376623 0.6311688311688312 0.08917748917748917 
0.0033821871476888386 0.010146561443066516 0.19729425028184894 0.673055242390079 0.1161217587373168 
0.009985734664764621 0.0042796005706134095 0.14978601997146934 0.5748930099857347 0.26105563480741795 
0.018633540372670808 0.043478260869565216 0.21739130434782608 0.5031055900621118 0.21739130434782608 
0.0027548209366391185 0.024793388429752067 0.1790633608815427 0.559228650137741 0.23415977961432508 
0.007371007371007371 0.012285012285012284 0.10565110565110565 0.601965601965602 0.2727272727272727 
0.004374453193350831 0.009623797025371828 0.13385826771653545 0.4925634295713036 0.35958005249343833 
0.11226252158894647 0.40932642487046633 0.39896373056994816 0.06390328151986183 0.015544041450777202 
0.056105610561056105 0.2145214521452145 0.46534653465346537 0.2145214521452145 0.04950495049504951 
0.03225806451612903 0.1827956989247312 0.3548387096774194 0.3548387096774194 0.07526881720430108 
0.03614457831325301 0.1566265060240964 0.4457831325301205 0.27710843373493976 0.08433734939759036 
0.045771916214119475 0.18386346004654772 0.5640031031807603 0.17765709852598913 0.028704422032583398 
0.018368846436443792 0.09772226304188097 0.526818515797208 0.34166054371785454 0.015429831006612785 
0.05352112676056338 0.05352112676056338 0.3464788732394366 0.4647887323943662 0.08169014084507042 
0.04265402843601896 0.04265402843601896 0.26066350710900477 0.46919431279620855 0.1848341232227488 
0.021671826625386997 0.16408668730650156 0.47987616099071206 0.3126934984520124 0.021671826625386997 
0.015494636471990465 0.07032181168057211 0.4231227651966627 0.4564958283671037 0.03456495828367104 
0.0035587188612099642 0.05338078291814947 0.2597864768683274 0.608540925266904 0.07473309608540925 
0.008 0.024 0.28 0.456 0.232 
0.025404157043879907 0.13625866050808313 0.34872979214780603 0.43187066974595845 0.057736720554272515 
0.008547008547008548 0.04653371320037987 0.2706552706552707 0.5992402659069326 0.07502374169040836 
0.010752688172043012 0.026113671274961597 0.24731182795698925 0.5821812596006144 0.1336405529953917 
0.01098901098901099 0.024175824175824177 0.22637362637362637 0.5032967032967033 0.23516483516483516 
0.05084745762711865 0.0847457627118644 0.2994350282485876 0.3333333333333333 0.23163841807909605 
0.014164305949008499 0.031161473087818695 0.23512747875354106 0.48441926345609065 0.23512747875354106 
0.024390243902439025 0.024390243902439025 0.13588850174216027 0.4912891986062718 0.3240418118466899 
0.004379562043795621 0.024817518248175182 0.10072992700729927 0.4364963503649635 0.4335766423357664 
0.13580246913580246 0.38271604938271603 0.38271604938271603 0.06172839506172839 0.037037037037037035 
0.20634920634920634 0.14285714285714285 0.42857142857142855 0.20634920634920634 0.015873015873015872 
0.23809523809523808 0.3333333333333333 0.23809523809523808 0.14285714285714285 0.047619047619047616 
0.06976744186046512 0.11627906976744186 0.4883720930232558 0.3023255813953488 0.023255813953488372 
0.13368983957219252 0.25133689839572193 0.44385026737967914 0.1443850267379679 0.026737967914438502 
0.08433734939759036 0.21927710843373494 0.4072289156626506 0.25301204819277107 0.03614457831325301 
0.08280254777070063 0.2229299363057325 0.3885350318471338 0.28662420382165604 0.01910828025477707 
0.14878892733564014 0.16262975778546712 0.2664359861591695 0.3633217993079585 0.058823529411764705 
0.08045977011494253 0.12643678160919541 0.4942528735632184 0.2413793103448276 0.05747126436781609 
0.04805491990846682 0.12585812356979406 0.35926773455377575 0.43249427917620137 0.034324942791762014 
0.10144927536231885 0.14009661835748793 0.28502415458937197 0.4396135265700483 0.033816425120772944 
0.12574850299401197 0.16167664670658682 0.24550898203592814 0.281437125748503 0.18562874251497005 
0.09202453987730061 0.17791411042944785 0.3619631901840491 0.3006134969325153 0.06748466257668712 
0.05548037889039242 0.13667117726657646 0.35047361299052776 0.38024357239512857 0.07713125845737483 
0.03818953323903819 0.12588401697312587 0.27864214992927866 0.42574257425742573 0.13154172560113153 
0.026194144838212634 0.13097072419106318 0.23882896764252695 0.3682588597842835 0.2357473035439137 
0.045871559633027525 0.1743119266055046 0.3211009174311927 0.26605504587155965 0.1926605504587156 
0.07042253521126761 0.1323943661971831 0.2056338028169014 0.43661971830985913 0.15492957746478872 
0.025522041763341066 0.10440835266821345 0.22041763341067286 0.3874709976798144 0.26218097447795824 
0.0473970473970474 0.11421911421911422 0.19502719502719504 0.3177933177933178 0.32556332556332557 
</TABLE>
</DEFINITION>
<DEFINITION>
<FOR>pixel7</FOR>
<GIVEN>emotion</GIVEN>
<GIVEN>pixel6</GIVEN>
<GIVEN>pixel0</GIVEN>
<TABLE>
0.20666666666666667 0.6333333333333333 0.1 0.04666666666666667 0.006666666666666667 0.006666666666666667 
0.05813953488372093 0.7558139534883721 0.10465116279069768 0.03488372093023256 0.011627906976744186 0.03488372093023256 
0.05555555555555555 0.6111111111111112 0.16666666666666666 0.05555555555555555 0.05555555555555555 0.05555555555555555 
0.11538461538461539 0.6538461538461539 0.11538461538461539 0.038461538461538464 0.038461538461538464 0.038461538461538464 
0.002136752136752137 0.2799145299145299 0.6773504273504274 0.03632478632478633 0.002136752136752137 0.002136752136752137 
0.0045045045045045045 0.26576576576576577 0.6531531531531531 0.06756756756756757 0.0045045045045045045 0.0045045045045045045 
0.019230769230769232 0.17307692307692307 0.5961538461538461 0.17307692307692307 0.019230769230769232 0.019230769230769232 
0.029411764705882353 0.3235294117647059 0.38235294117647056 0.20588235294117646 0.029411764705882353 0.029411764705882353 
0.0010080645161290322 0.023185483870967742 0.65625 0.3094758064516129 0.005040322580645161 0.005040322580645161 
9.124087591240876E-4 0.006386861313868613 0.4972627737226277 0.479014598540146 0.011861313868613138 0.004562043795620438 
0.003968253968253968 0.011904761904761904 0.3611111111111111 0.5833333333333334 0.027777777777777776 0.011904761904761904 
0.006024096385542169 0.05421686746987952 0.41566265060240964 0.4397590361445783 0.06626506024096386 0.018072289156626505 
0.0015625 0.0109375 0.1046875 0.7359375 0.1203125 0.0265625 
6.443298969072165E-4 0.007087628865979381 0.03157216494845361 0.6939432989690721 0.24677835051546393 0.01997422680412371 
0.001392757660167131 0.009749303621169917 0.06545961002785515 0.5807799442896936 0.2966573816155989 0.04596100278551532 
0.0019305019305019305 0.009652509652509652 0.032818532818532815 0.4266409266409266 0.4691119691119691 0.059845559845559844 
0.006097560975609756 0.006097560975609756 0.018292682926829267 0.1402439024390244 0.3475609756097561 0.4817073170731707 
0.0033783783783783786 0.0033783783783783786 0.0033783783783783786 0.037162162162162164 0.36824324324324326 0.5844594594594594 
0.003937007874015748 0.003937007874015748 0.01968503937007874 0.04330708661417323 0.2874015748031496 0.6417322834645669 
0.0033783783783783786 0.0033783783783783786 0.0033783783783783786 0.010135135135135136 0.13851351351351351 0.8412162162162162 
0.125 0.375 0.125 0.125 0.125 0.125 
0.125 0.375 0.125 0.125 0.125 0.125 
0.125 0.375 0.125 0.125 0.125 0.125 
0.16666666666666666 0.16666666666666666 0.16666666666666666 0.16666666666666666 0.16666666666666666 0.16666666666666666 
0.029411764705882353 0.14705882352941177 0.6764705882352942 0.08823529411764706 0.029411764705882353 0.029411764705882353 
0.05555555555555555 0.05555555555555555 0.7222222222222222 0.05555555555555555 0.05555555555555555 0.05555555555555555 
0.05 0.35 0.45 0.05 0.05 0.05 
0.125 0.375 0.125 0.125 0.125 0.125 
0.009433962264150943 0.009433962264150943 0.7830188679245284 0.1792452830188679 0.009433962264150943 0.009433962264150943 
0.00819672131147541 0.02459016393442623 0.5491803278688525 0.4016393442622951 0.00819672131147541 0.00819672131147541 
0.041666666666666664 0.041666666666666664 0.2916666666666667 0.5416666666666666 0.041666666666666664 0.041666666666666664 
0.038461538461538464 0.11538461538461539 0.11538461538461539 0.6538461538461539 0.038461538461538464 0.038461538461538464 
0.015151515151515152 0.015151515151515152 0.10606060606060606 0.7424242424242424 0.07575757575757576 0.045454545454545456 
0.004464285714285714 0.004464285714285714 0.013392857142857142 0.65625 0.3080357142857143 0.013392857142857142 
0.01020408163265306 0.01020408163265306 0.01020408163265306 0.35714285714285715 0.5612244897959183 0.05102040816326531 
0.01282051282051282 0.01282051282051282 0.01282051282051282 0.24358974358974358 0.6538461538461539 0.0641025641025641 
0.125 0.125 0.125 0.125 0.375 0.125 
0.013513513513513514 0.013513513513513514 0.013513513513513514 0.0945945945945946 0.4189189189189189 0.44594594594594594 
