<?xml version="1.0"?>
<!-- DTD for the XMLBIF 0.3 format -->
<!DOCTYPE BIF [
	<!ELEMENT BIF ( NETWORK )*>
	      <!ATTLIST BIF VERSION CDATA #REQUIRED>
	<!ELEMENT NETWORK ( NAME, ( PROPERTY | VARIABLE | DEFINITION )* )>
	<!ELEMENT NAME (#PCDATA)>
	<!ELEMENT VARIABLE ( NAME, ( OUTCOME |  PROPERTY )* ) >
	      <!ATTLIST VARIABLE TYPE (nature|decision|utility) "nature">
	<!ELEMENT OUTCOME (#PCDATA)>
	<!ELEMENT DEFINITION ( FOR | GIVEN | TABLE | PROPERTY )* >
	<!ELEMENT FOR (#PCDATA)>
	<!ELEMENT GIVEN (#PCDATA)>
	<!ELEMENT TABLE (#PCDATA)>
	<!ELEMENT PROPERTY (#PCDATA)>
]>


<BIF VERSION="0.3">
<NETWORK>
<NAME>faces-weka.filters.supervised.attribute.Discretize-Rfirst-last-precision6-weka.filters.unsupervised.attribute.ReplaceMissingValues</NAME>
<VARIABLE TYPE="nature">
<NAME>emotion</NAME>
<OUTCOME>angry</OUTCOME>
<OUTCOME>disgust</OUTCOME>
<OUTCOME>fear</OUTCOME>
<OUTCOME>happy</OUTCOME>
<OUTCOME>neutral</OUTCOME>
<OUTCOME>sad</OUTCOME>
<OUTCOME>surprise</OUTCOME>
</VARIABLE>
<VARIABLE TYPE="nature">
<NAME>pixel0</NAME>
<OUTCOME>&apos;\&apos;(-inf-0.448039]\&apos;&apos;</OUTCOME>
<OUTCOME>&apos;\&apos;(0.448039-0.685294]\&apos;&apos;</OUTCOME>
<OUTCOME>&apos;\&apos;(0.685294-0.789216]\&apos;&apos;</OUTCOME>
<OUTCOME>&apos;\&apos;(0.789216-inf)\&apos;&apos;</OUTCOME>
</VARIABLE>
<VARIABLE TYPE="nature">
<NAME>pixel1</NAME>
<OUTCOME>&apos;\&apos;(-inf-0.288725]\&apos;&apos;</OUTCOME>
<OUTCOME>&apos;\&apos;(0.288725-0.52451]\&apos;&apos;</OUTCOME>
<OUTCOME>&apos;\&apos;(0.52451-0.620098]\&apos;&apos;</OUTCOME>
<OUTCOME>&apos;\&apos;(0.620098-0.764216]\&apos;&apos;</OUTCOME>
<OUTCOME>&apos;\&apos;(0.764216-inf)\&apos;&apos;</OUTCOME>
</VARIABLE>
<VARIABLE TYPE="nature">
<NAME>pixel2</NAME>
<OUTCOME>&apos;\&apos;(-inf-0.230882]\&apos;&apos;</OUTCOME>
<OUTCOME>&apos;\&apos;(0.230882-0.40098]\&apos;&apos;</OUTCOME>
<OUTCOME>&apos;\&apos;(0.40098-0.661765]\&apos;&apos;</OUTCOME>
<OUTCOME>&apos;\&apos;(0.661765-0.757353]\&apos;&apos;</OUTCOME>
<OUTCOME>&apos;\&apos;(0.757353-inf)\&apos;&apos;</OUTCOME>
</VARIABLE>
<VARIABLE TYPE="nature">
<NAME>pixel3</NAME>
<OUTCOME>&apos;\&apos;(-inf-0.42598]\&apos;&apos;</OUTCOME>
<OUTCOME>&apos;\&apos;(0.42598-0.648039]\&apos;&apos;</OUTCOME>
<OUTCOME>&apos;\&apos;(0.648039-0.786275]\&apos;&apos;</OUTCOME>
<OUTCOME>&apos;\&apos;(0.786275-inf)\&apos;&apos;</OUTCOME>
</VARIABLE>
<VARIABLE TYPE="nature">
<NAME>pixel4</NAME>
<OUTCOME>&apos;\&apos;(-inf-0.408824]\&apos;&apos;</OUTCOME>
<OUTCOME>&apos;\&apos;(0.408824-0.696569]\&apos;&apos;</OUTCOME>
<OUTCOME>&apos;\&apos;(0.696569-0.783333]\&apos;&apos;</OUTCOME>
<OUTCOME>&apos;\&apos;(0.783333-inf)\&apos;&apos;</OUTCOME>
</VARIABLE>
<VARIABLE TYPE="nature">
<NAME>pixel5</NAME>
<OUTCOME>&apos;\&apos;(-inf-0.179412]\&apos;&apos;</OUTCOME>
<OUTCOME>&apos;\&apos;(0.179412-0.473529]\&apos;&apos;</OUTCOME>
<OUTCOME>&apos;\&apos;(0.473529-0.70049]\&apos;&apos;</OUTCOME>
<OUTCOME>&apos;\&apos;(0.70049-inf)\&apos;&apos;</OUTCOME>
</VARIABLE>
<VARIABLE TYPE="nature">
<NAME>pixel6</NAME>
<OUTCOME>&apos;\&apos;(-inf-0.378431]\&apos;&apos;</OUTCOME>
<OUTCOME>&apos;\&apos;(0.378431-0.656863]\&apos;&apos;</OUTCOME>
<OUTCOME>&apos;\&apos;(0.656863-0.779412]\&apos;&apos;</OUTCOME>
<OUTCOME>&apos;\&apos;(0.779412-inf)\&apos;&apos;</OUTCOME>
</VARIABLE>
<VARIABLE TYPE="nature">
<NAME>pixel7</NAME>
<OUTCOME>&apos;\&apos;(-inf-0.230392]\&apos;&apos;</OUTCOME>
<OUTCOME>&apos;\&apos;(0.230392-0.482353]\&apos;&apos;</OUTCOME>
<OUTCOME>&apos;\&apos;(0.482353-0.684314]\&apos;&apos;</OUTCOME>
<OUTCOME>&apos;\&apos;(0.684314-0.794608]\&apos;&apos;</OUTCOME>
<OUTCOME>&apos;\&apos;(0.794608-inf)\&apos;&apos;</OUTCOME>
</VARIABLE>
<VARIABLE TYPE="nature">
<NAME>pixel8</NAME>
<OUTCOME>&apos;\&apos;(-inf-0.47402]\&apos;&apos;</OUTCOME>
<OUTCOME>&apos;\&apos;(0.47402-0.7]\&apos;&apos;</OUTCOME>
<OUTCOME>&apos;\&apos;(0.7-0.796078]\&apos;&apos;</OUTCOME>
<OUTCOME>&apos;\&apos;(0.796078-inf)\&apos;&apos;</OUTCOME>
</VARIABLE>
<VARIABLE TYPE="nature">
<NAME>pixel9</NAME>
<OUTCOME>&apos;\&apos;(-inf-0.293137]\&apos;&apos;</OUTCOME>
<OUTCOME>&apos;\&apos;(0.293137-0.631863]\&apos;&apos;</OUTCOME>
<OUTCOME>&apos;\&apos;(0.631863-inf)\&apos;&apos;</OUTCOME>
</VARIABLE>
<VARIABLE TYPE="nature">
<NAME>pixel10</NAME>
<OUTCOME>&apos;\&apos;(-inf-0.170588]\&apos;&apos;</OUTCOME>
<OUTCOME>&apos;\&apos;(0.170588-0.601471]\&apos;&apos;</OUTCOME>
<OUTCOME>&apos;\&apos;(0.601471-inf)\&apos;&apos;</OUTCOME>
</VARIABLE>
<VARIABLE TYPE="nature">
<NAME>pixel11</NAME>
<OUTCOME>&apos;\&apos;(-inf-0.107353]\&apos;&apos;</OUTCOME>
<OUTCOME>&apos;\&apos;(0.107353-0.492157]\&apos;&apos;</OUTCOME>
<OUTCOME>&apos;\&apos;(0.492157-0.663235]\&apos;&apos;</OUTCOME>
<OUTCOME>&apos;\&apos;(0.663235-inf)\&apos;&apos;</OUTCOME>
</VARIABLE>
<VARIABLE TYPE="nature">
<NAME>pixel12</NAME>
<OUTCOME>&apos;\&apos;(-inf-0.505392]\&apos;&apos;</OUTCOME>
<OUTCOME>&apos;\&apos;(0.505392-inf)\&apos;&apos;</OUTCOME>
</VARIABLE>
<VARIABLE TYPE="nature">
<NAME>pixel13</NAME>
<OUTCOME>&apos;\&apos;(-inf-0.108824]\&apos;&apos;</OUTCOME>
<OUTCOME>&apos;\&apos;(0.108824-0.564706]\&apos;&apos;</OUTCOME>
<OUTCOME>&apos;\&apos;(0.564706-inf)\&apos;&apos;</OUTCOME>
</VARIABLE>
<VARIABLE TYPE="nature">
<NAME>pixel14</NAME>
<OUTCOME>&apos;\&apos;(-inf-0.152451]\&apos;&apos;</OUTCOME>
<OUTCOME>&apos;\&apos;(0.152451-0.585294]\&apos;&apos;</OUTCOME>
<OUTCOME>&apos;\&apos;(0.585294-inf)\&apos;&apos;</OUTCOME>
</VARIABLE>
<VARIABLE TYPE="nature">
<NAME>pixel15</NAME>
<OUTCOME>&apos;\&apos;(-inf-0.197059]\&apos;&apos;</OUTCOME>
<OUTCOME>&apos;\&apos;(0.197059-0.584314]\&apos;&apos;</OUTCOME>
<OUTCOME>&apos;\&apos;(0.584314-0.704902]\&apos;&apos;</OUTCOME>
<OUTCOME>&apos;\&apos;(0.704902-inf)\&apos;&apos;</OUTCOME>
</VARIABLE>
<VARIABLE TYPE="nature">
<NAME>pixel16</NAME>
<OUTCOME>&apos;\&apos;(-inf-0.318627]\&apos;&apos;</OUTCOME>
<OUTCOME>&apos;\&apos;(0.318627-0.589216]\&apos;&apos;</OUTCOME>
<OUTCOME>&apos;\&apos;(0.589216-0.706863]\&apos;&apos;</OUTCOME>
<OUTCOME>&apos;\&apos;(0.706863-inf)\&apos;&apos;</OUTCOME>
</VARIABLE>
<VARIABLE TYPE="nature">
<NAME>pixel17</NAME>
<OUTCOME>&apos;\&apos;(-inf-0.530392]\&apos;&apos;</OUTCOME>
<OUTCOME>&apos;\&apos;(0.530392-0.65049]\&apos;&apos;</OUTCOME>
<OUTCOME>&apos;\&apos;(0.65049-inf)\&apos;&apos;</OUTCOME>
</VARIABLE>
<VARIABLE TYPE="nature">
<NAME>pixel18</NAME>
<OUTCOME>&apos;\&apos;(-inf-0.567157]\&apos;&apos;</OUTCOME>
<OUTCOME>&apos;\&apos;(0.567157-0.716667]\&apos;&apos;</OUTCOME>
<OUTCOME>&apos;\&apos;(0.716667-inf)\&apos;&apos;</OUTCOME>
</VARIABLE>
<VARIABLE TYPE="nature">
<NAME>pixel19</NAME>
<OUTCOME>&apos;\&apos;(-inf-0.159314]\&apos;&apos;</OUTCOME>
<OUTCOME>&apos;\&apos;(0.159314-0.548529]\&apos;&apos;</OUTCOME>
<OUTCOME>&apos;\&apos;(0.548529-inf)\&apos;&apos;</OUTCOME>
</VARIABLE>
<VARIABLE TYPE="nature">
<NAME>pixel20</NAME>
<OUTCOME>&apos;\&apos;(-inf-0.017157]\&apos;&apos;</OUTCOME>
<OUTCOME>&apos;\&apos;(0.017157-0.733824]\&apos;&apos;</OUTCOME>
<OUTCOME>&apos;\&apos;(0.733824-0.972059]\&apos;&apos;</OUTCOME>
<OUTCOME>&apos;\&apos;(0.972059-inf)\&apos;&apos;</OUTCOME>
</VARIABLE>
<VARIABLE TYPE="nature">
<NAME>pixel21</NAME>
<OUTCOME>&apos;\&apos;(-inf-0.027941]\&apos;&apos;</OUTCOME>
<OUTCOME>&apos;\&apos;(0.027941-0.677941]\&apos;&apos;</OUTCOME>
<OUTCOME>&apos;\&apos;(0.677941-0.986765]\&apos;&apos;</OUTCOME>
<OUTCOME>&apos;\&apos;(0.986765-inf)\&apos;&apos;</OUTCOME>
</VARIABLE>
<VARIABLE TYPE="nature">
<NAME>pixel22</NAME>
<OUTCOME>&apos;\&apos;(-inf-0.606863]\&apos;&apos;</OUTCOME>
<OUTCOME>&apos;\&apos;(0.606863-0.976961]\&apos;&apos;</OUTCOME>
<OUTCOME>&apos;\&apos;(0.976961-inf)\&apos;&apos;</OUTCOME>
</VARIABLE>
<VARIABLE TYPE="nature">
<NAME>pixel23</NAME>
<OUTCOME>&apos;\&apos;(-inf-0.584314]\&apos;&apos;</OUTCOME>
<OUTCOME>&apos;\&apos;(0.584314-0.957353]\&apos;&apos;</OUTCOME>
<OUTCOME>&apos;\&apos;(0.957353-inf)\&apos;&apos;</OUTCOME>
</VARIABLE>
<VARIABLE TYPE="nature">
<NAME>pixel24</NAME>
<OUTCOME>&apos;\&apos;(-inf-0.585294]\&apos;&apos;</OUTCOME>
<OUTCOME>&apos;\&apos;(0.585294-0.985784]\&apos;&apos;</OUTCOME>
<OUTCOME>&apos;\&apos;(0.985784-inf)\&apos;&apos;</OUTCOME>
</VARIABLE>
<VARIABLE TYPE="nature">
<NAME>pixel25</NAME>
<OUTCOME>&apos;\&apos;(-inf-0.026961]\&apos;&apos;</OUTCOME>
<OUTCOME>&apos;\&apos;(0.026961-0.305392]\&apos;&apos;</OUTCOME>
<OUTCOME>&apos;\&apos;(0.305392-0.661765]\&apos;&apos;</OUTCOME>
<OUTCOME>&apos;\&apos;(0.661765-0.957353]\&apos;&apos;</OUTCOME>
<OUTCOME>&apos;\&apos;(0.957353-inf)\&apos;&apos;</OUTCOME>
</VARIABLE>
<VARIABLE TYPE="nature">
<NAME>pixel26</NAME>
<OUTCOME>&apos;\&apos;(-inf-0.630882]\&apos;&apos;</OUTCOME>
<OUTCOME>&apos;\&apos;(0.630882-0.970588]\&apos;&apos;</OUTCOME>
<OUTCOME>&apos;\&apos;(0.970588-inf)\&apos;&apos;</OUTCOME>
</VARIABLE>
<VARIABLE TYPE="nature">
<NAME>pixel27</NAME>
<OUTCOME>&apos;\&apos;(-inf-0.568137]\&apos;&apos;</OUTCOME>
<OUTCOME>&apos;\&apos;(0.568137-0.794608]\&apos;&apos;</OUTCOME>
<OUTCOME>&apos;\&apos;(0.794608-0.990686]\&apos;&apos;</OUTCOME>
<OUTCOME>&apos;\&apos;(0.990686-inf)\&apos;&apos;</OUTCOME>
</VARIABLE>
<VARIABLE TYPE="nature">
<NAME>pixel28</NAME>
<OUTCOME>&apos;\&apos;(-inf-0.553922]\&apos;&apos;</OUTCOME>
<OUTCOME>&apos;\&apos;(0.553922-0.74902]\&apos;&apos;</OUTCOME>
<OUTCOME>&apos;\&apos;(0.74902-0.983333]\&apos;&apos;</OUTCOME>
<OUTCOME>&apos;\&apos;(0.983333-inf)\&apos;&apos;</OUTCOME>
</VARIABLE>
<VARIABLE TYPE="nature">
<NAME>pixel29</NAME>
<OUTCOME>&apos;\&apos;(-inf-0.012255]\&apos;&apos;</OUTCOME>
<OUTCOME>&apos;\&apos;(0.012255-0.687255]\&apos;&apos;</OUTCOME>
<OUTCOME>&apos;\&apos;(0.687255-0.967647]\&apos;&apos;</OUTCOME>
<OUTCOME>&apos;\&apos;(0.967647-inf)\&apos;&apos;</OUTCOME>
</VARIABLE>
<VARIABLE TYPE="nature">
<NAME>pixel30</NAME>
<OUTCOME>&apos;\&apos;(-inf-0.133333]\&apos;&apos;</OUTCOME>
<OUTCOME>&apos;\&apos;(0.133333-0.215196]\&apos;&apos;</OUTCOME>
<OUTCOME>&apos;\&apos;(0.215196-0.420588]\&apos;&apos;</OUTCOME>
<OUTCOME>&apos;\&apos;(0.420588-0.621078]\&apos;&apos;</OUTCOME>
<OUTCOME>&apos;\&apos;(0.621078-inf)\&apos;&apos;</OUTCOME>
</VARIABLE>
<VARIABLE TYPE="nature">
<NAME>pixel31</NAME>
<OUTCOME>&apos;\&apos;(-inf-0.160784]\&apos;&apos;</OUTCOME>
<OUTCOME>&apos;\&apos;(0.160784-0.365686]\&apos;&apos;</OUTCOME>
<OUTCOME>&apos;\&apos;(0.365686-0.573529]\&apos;&apos;</OUTCOME>
<OUTCOME>&apos;\&apos;(0.573529-0.734804]\&apos;&apos;</OUTCOME>
<OUTCOME>&apos;\&apos;(0.734804-inf)\&apos;&apos;</OUTCOME>
</VARIABLE>
<VARIABLE TYPE="nature">
<NAME>pixel32</NAME>
<OUTCOME>&apos;\&apos;(-inf-0.194608]\&apos;&apos;</OUTCOME>
<OUTCOME>&apos;\&apos;(0.194608-0.286765]\&apos;&apos;</OUTCOME>
<OUTCOME>&apos;\&apos;(0.286765-0.492157]\&apos;&apos;</OUTCOME>
<OUTCOME>&apos;\&apos;(0.492157-inf)\&apos;&apos;</OUTCOME>
</VARIABLE>
<VARIABLE TYPE="nature">
<NAME>pixel33</NAME>
<OUTCOME>&apos;\&apos;(-inf-0.151961]\&apos;&apos;</OUTCOME>
<OUTCOME>&apos;\&apos;(0.151961-0.27549]\&apos;&apos;</OUTCOME>
<OUTCOME>&apos;\&apos;(0.27549-0.558824]\&apos;&apos;</OUTCOME>
<OUTCOME>&apos;\&apos;(0.558824-inf)\&apos;&apos;</OUTCOME>
</VARIABLE>
<VARIABLE TYPE="nature">
<NAME>pixel34</NAME>
<OUTCOME>&apos;\&apos;(-inf-0.161765]\&apos;&apos;</OUTCOME>
<OUTCOME>&apos;\&apos;(0.161765-0.402451]\&apos;&apos;</OUTCOME>
<OUTCOME>&apos;\&apos;(0.402451-0.571078]\&apos;&apos;</OUTCOME>
<OUTCOME>&apos;\&apos;(0.571078-inf)\&apos;&apos;</OUTCOME>
</VARIABLE>
<VARIABLE TYPE="nature">
<NAME>pixel35</NAME>
<OUTCOME>&apos;\&apos;(-inf-0.178922]\&apos;&apos;</OUTCOME>
<OUTCOME>&apos;\&apos;(0.178922-0.280882]\&apos;&apos;</OUTCOME>
<OUTCOME>&apos;\&apos;(0.280882-0.40098]\&apos;&apos;</OUTCOME>
<OUTCOME>&apos;\&apos;(0.40098-0.560294]\&apos;&apos;</OUTCOME>
<OUTCOME>&apos;\&apos;(0.560294-inf)\&apos;&apos;</OUTCOME>
</VARIABLE>
<VARIABLE TYPE="nature">
<NAME>pixel36</NAME>
<OUTCOME>&apos;\&apos;(-inf-0.177451]\&apos;&apos;</OUTCOME>
<OUTCOME>&apos;\&apos;(0.177451-0.455392]\&apos;&apos;</OUTCOME>
<OUTCOME>&apos;\&apos;(0.455392-0.542647]\&apos;&apos;</OUTCOME>
<OUTCOME>&apos;\&apos;(0.542647-inf)\&apos;&apos;</OUTCOME>
</VARIABLE>
<VARIABLE TYPE="nature">
<NAME>pixel37</NAME>
<OUTCOME>&apos;\&apos;(-inf-0.146569]\&apos;&apos;</OUTCOME>
<OUTCOME>&apos;\&apos;(0.146569-0.422059]\&apos;&apos;</OUTCOME>
<OUTCOME>&apos;\&apos;(0.422059-0.578431]\&apos;&apos;</OUTCOME>
<OUTCOME>&apos;\&apos;(0.578431-inf)\&apos;&apos;</OUTCOME>
</VARIABLE>
<VARIABLE TYPE="nature">
<NAME>pixel38</NAME>
<OUTCOME>&apos;\&apos;(-inf-0.156373]\&apos;&apos;</OUTCOME>
<OUTCOME>&apos;\&apos;(0.156373-0.394118]\&apos;&apos;</OUTCOME>
<OUTCOME>&apos;\&apos;(0.394118-0.543627]\&apos;&apos;</OUTCOME>
<OUTCOME>&apos;\&apos;(0.543627-inf)\&apos;&apos;</OUTCOME>
</VARIABLE>
<VARIABLE TYPE="nature">
<NAME>pixel39</NAME>
<OUTCOME>&apos;\&apos;(-inf-0.163235]\&apos;&apos;</OUTCOME>
<OUTCOME>&apos;\&apos;(0.163235-0.362255]\&apos;&apos;</OUTCOME>
<OUTCOME>&apos;\&apos;(0.362255-0.479902]\&apos;&apos;</OUTCOME>
<OUTCOME>&apos;\&apos;(0.479902-0.711765]\&apos;&apos;</OUTCOME>
<OUTCOME>&apos;\&apos;(0.711765-inf)\&apos;&apos;</OUTCOME>
</VARIABLE>
<VARIABLE TYPE="nature">
<NAME>pixel40</NAME>
<OUTCOME>&apos;\&apos;(-inf-0.115686]\&apos;&apos;</OUTCOME>
<OUTCOME>&apos;\&apos;(0.115686-0.337255]\&apos;&apos;</OUTCOME>
<OUTCOME>&apos;\&apos;(0.337255-inf)\&apos;&apos;</OUTCOME>
</VARIABLE>
<VARIABLE TYPE="nature">
<NAME>pixel41</NAME>
<OUTCOME>&apos;\&apos;(-inf-0.030882]\&apos;&apos;</OUTCOME>
<OUTCOME>&apos;\&apos;(0.030882-0.286275]\&apos;&apos;</OUTCOME>
<OUTCOME>&apos;\&apos;(0.286275-0.971078]\&apos;&apos;</OUTCOME>
<OUTCOME>&apos;\&apos;(0.971078-inf)\&apos;&apos;</OUTCOME>
</VARIABLE>
<VARIABLE TYPE="nature">
<NAME>pixel42</NAME>
<OUTCOME>&apos;\&apos;(-inf-0.434314]\&apos;&apos;</OUTCOME>
<OUTCOME>&apos;\&apos;(0.434314-0.981373]\&apos;&apos;</OUTCOME>
<OUTCOME>&apos;\&apos;(0.981373-inf)\&apos;&apos;</OUTCOME>
</VARIABLE>
<VARIABLE TYPE="nature">
<NAME>pixel43</NAME>
<OUTCOME>&apos;\&apos;(-inf-0.00049]\&apos;&apos;</OUTCOME>
<OUTCOME>&apos;\&apos;(0.00049-0.187255]\&apos;&apos;</OUTCOME>
<OUTCOME>&apos;\&apos;(0.187255-0.604902]\&apos;&apos;</OUTCOME>
<OUTCOME>&apos;\&apos;(0.604902-0.971569]\&apos;&apos;</OUTCOME>
<OUTCOME>&apos;\&apos;(0.971569-inf)\&apos;&apos;</OUTCOME>
</VARIABLE>
<VARIABLE TYPE="nature">
<NAME>pixel44</NAME>
<OUTCOME>&apos;\&apos;(-inf-0.155882]\&apos;&apos;</OUTCOME>
<OUTCOME>&apos;\&apos;(0.155882-0.512255]\&apos;&apos;</OUTCOME>
<OUTCOME>&apos;\&apos;(0.512255-0.962255]\&apos;&apos;</OUTCOME>
<OUTCOME>&apos;\&apos;(0.962255-inf)\&apos;&apos;</OUTCOME>
</VARIABLE>
<VARIABLE TYPE="nature">
<NAME>pixel45</NAME>
<OUTCOME>&apos;\&apos;(-inf-0.122059]\&apos;&apos;</OUTCOME>
<OUTCOME>&apos;\&apos;(0.122059-0.523529]\&apos;&apos;</OUTCOME>
<OUTCOME>&apos;\&apos;(0.523529-0.978922]\&apos;&apos;</OUTCOME>
<OUTCOME>&apos;\&apos;(0.978922-inf)\&apos;&apos;</OUTCOME>
</VARIABLE>
<VARIABLE TYPE="nature">
<NAME>pixel46</NAME>
<OUTCOME>&apos;\&apos;(-inf-0.093137]\&apos;&apos;</OUTCOME>
<OUTCOME>&apos;\&apos;(0.093137-0.542157]\&apos;&apos;</OUTCOME>
<OUTCOME>&apos;\&apos;(0.542157-inf)\&apos;&apos;</OUTCOME>
</VARIABLE>
<VARIABLE TYPE="nature">
<NAME>pixel47</NAME>
<OUTCOME>&apos;\&apos;(-inf-0.089216]\&apos;&apos;</OUTCOME>
<OUTCOME>&apos;\&apos;(0.089216-0.429412]\&apos;&apos;</OUTCOME>
<OUTCOME>&apos;\&apos;(0.429412-inf)\&apos;&apos;</OUTCOME>
</VARIABLE>
<VARIABLE TYPE="nature">
<NAME>pixel48</NAME>
<OUTCOME>&apos;\&apos;(-inf-0.10098]\&apos;&apos;</OUTCOME>
<OUTCOME>&apos;\&apos;(0.10098-0.535784]\&apos;&apos;</OUTCOME>
<OUTCOME>&apos;\&apos;(0.535784-inf)\&apos;&apos;</OUTCOME>
</VARIABLE>
<VARIABLE TYPE="nature">
<NAME>pixel49</NAME>
<OUTCOME>&apos;\&apos;(-inf-0.103431]\&apos;&apos;</OUTCOME>
<OUTCOME>&apos;\&apos;(0.103431-0.461765]\&apos;&apos;</OUTCOME>
<OUTCOME>&apos;\&apos;(0.461765-0.775]\&apos;&apos;</OUTCOME>
<OUTCOME>&apos;\&apos;(0.775-inf)\&apos;&apos;</OUTCOME>
</VARIABLE>
<VARIABLE TYPE="nature">
<NAME>pixel50</NAME>
<OUTCOME>&apos;\&apos;(-inf-0.326471]\&apos;&apos;</OUTCOME>
<OUTCOME>&apos;\&apos;(0.326471-0.578922]\&apos;&apos;</OUTCOME>
<OUTCOME>&apos;\&apos;(0.578922-0.631863]\&apos;&apos;</OUTCOME>
<OUTCOME>&apos;\&apos;(0.631863-0.77549]\&apos;&apos;</OUTCOME>
<OUTCOME>&apos;\&apos;(0.77549-inf)\&apos;&apos;</OUTCOME>
</VARIABLE>
<VARIABLE TYPE="nature">
<NAME>pixel51</NAME>
<OUTCOME>&apos;\&apos;(-inf-0.430882]\&apos;&apos;</OUTCOME>
<OUTCOME>&apos;\&apos;(0.430882-0.614706]\&apos;&apos;</OUTCOME>
<OUTCOME>&apos;\&apos;(0.614706-0.745098]\&apos;&apos;</OUTCOME>
<OUTCOME>&apos;\&apos;(0.745098-inf)\&apos;&apos;</OUTCOME>
</VARIABLE>
<VARIABLE TYPE="nature">
<NAME>pixel52</NAME>
<OUTCOME>&apos;\&apos;(-inf-0.465686]\&apos;&apos;</OUTCOME>
<OUTCOME>&apos;\&apos;(0.465686-0.638725]\&apos;&apos;</OUTCOME>
<OUTCOME>&apos;\&apos;(0.638725-0.772059]\&apos;&apos;</OUTCOME>
<OUTCOME>&apos;\&apos;(0.772059-inf)\&apos;&apos;</OUTCOME>
</VARIABLE>
<VARIABLE TYPE="nature">
<NAME>pixel53</NAME>
<OUTCOME>&apos;\&apos;(-inf-0.459804]\&apos;&apos;</OUTCOME>
<OUTCOME>&apos;\&apos;(0.459804-0.684804]\&apos;&apos;</OUTCOME>
<OUTCOME>&apos;\&apos;(0.684804-0.79902]\&apos;&apos;</OUTCOME>
<OUTCOME>&apos;\&apos;(0.79902-inf)\&apos;&apos;</OUTCOME>
</VARIABLE>
<VARIABLE TYPE="nature">
<NAME>pixel54</NAME>
<OUTCOME>&apos;\&apos;(-inf-0.385294]\&apos;&apos;</OUTCOME>
<OUTCOME>&apos;\&apos;(0.385294-0.57598]\&apos;&apos;</OUTCOME>
<OUTCOME>&apos;\&apos;(0.57598-0.768137]\&apos;&apos;</OUTCOME>
<OUTCOME>&apos;\&apos;(0.768137-inf)\&apos;&apos;</OUTCOME>
</VARIABLE>
<VARIABLE TYPE="nature">
<NAME>pixel55</NAME>
<OUTCOME>&apos;\&apos;(-inf-0.34951]\&apos;&apos;</OUTCOME>
<OUTCOME>&apos;\&apos;(0.34951-0.573529]\&apos;&apos;</OUTCOME>
<OUTCOME>&apos;\&apos;(0.573529-0.763235]\&apos;&apos;</OUTCOME>
<OUTCOME>&apos;\&apos;(0.763235-inf)\&apos;&apos;</OUTCOME>
</VARIABLE>
<VARIABLE TYPE="nature">
<NAME>pixel56</NAME>
<OUTCOME>&apos;\&apos;(-inf-0.427451]\&apos;&apos;</OUTCOME>
<OUTCOME>&apos;\&apos;(0.427451-0.610784]\&apos;&apos;</OUTCOME>
<OUTCOME>&apos;\&apos;(0.610784-0.780392]\&apos;&apos;</OUTCOME>
<OUTCOME>&apos;\&apos;(0.780392-inf)\&apos;&apos;</OUTCOME>
</VARIABLE>
<VARIABLE TYPE="nature">
<NAME>pixel57</NAME>
<OUTCOME>&apos;\&apos;(-inf-0.455882]\&apos;&apos;</OUTCOME>
<OUTCOME>&apos;\&apos;(0.455882-0.577941]\&apos;&apos;</OUTCOME>
<OUTCOME>&apos;\&apos;(0.577941-0.741667]\&apos;&apos;</OUTCOME>
<OUTCOME>&apos;\&apos;(0.741667-inf)\&apos;&apos;</OUTCOME>
</VARIABLE>
<VARIABLE TYPE="nature">
<NAME>pixel58</NAME>
<OUTCOME>&apos;\&apos;(-inf-0.414706]\&apos;&apos;</OUTCOME>
<OUTCOME>&apos;\&apos;(0.414706-0.620098]\&apos;&apos;</OUTCOME>
<OUTCOME>&apos;\&apos;(0.620098-0.767157]\&apos;&apos;</OUTCOME>
<OUTCOME>&apos;\&apos;(0.767157-inf)\&apos;&apos;</OUTCOME>
</VARIABLE>
<VARIABLE TYPE="nature">
<NAME>pixel59</NAME>
<OUTCOME>&apos;\&apos;(-inf-0.45]\&apos;&apos;</OUTCOME>
<OUTCOME>&apos;\&apos;(0.45-0.614216]\&apos;&apos;</OUTCOME>
<OUTCOME>&apos;\&apos;(0.614216-0.765686]\&apos;&apos;</OUTCOME>
<OUTCOME>&apos;\&apos;(0.765686-inf)\&apos;&apos;</OUTCOME>
</VARIABLE>
<VARIABLE TYPE="nature">
<NAME>pixel60</NAME>
<OUTCOME>&apos;\&apos;(-inf-0.242157]\&apos;&apos;</OUTCOME>
<OUTCOME>&apos;\&apos;(0.242157-0.481863]\&apos;&apos;</OUTCOME>
<OUTCOME>&apos;\&apos;(0.481863-0.67549]\&apos;&apos;</OUTCOME>
<OUTCOME>&apos;\&apos;(0.67549-0.822059]\&apos;&apos;</OUTCOME>
<OUTCOME>&apos;\&apos;(0.822059-inf)\&apos;&apos;</OUTCOME>
</VARIABLE>
<VARIABLE TYPE="nature">
<NAME>pixel61</NAME>
<OUTCOME>&apos;\&apos;(-inf-0.24951]\&apos;&apos;</OUTCOME>
<OUTCOME>&apos;\&apos;(0.24951-0.485294]\&apos;&apos;</OUTCOME>
<OUTCOME>&apos;\&apos;(0.485294-0.652941]\&apos;&apos;</OUTCOME>
<OUTCOME>&apos;\&apos;(0.652941-0.775]\&apos;&apos;</OUTCOME>
<OUTCOME>&apos;\&apos;(0.775-inf)\&apos;&apos;</OUTCOME>
</VARIABLE>
<VARIABLE TYPE="nature">
<NAME>pixel62</NAME>
<OUTCOME>&apos;\&apos;(-inf-0.448039]\&apos;&apos;</OUTCOME>
<OUTCOME>&apos;\&apos;(0.448039-0.685294]\&apos;&apos;</OUTCOME>
<OUTCOME>&apos;\&apos;(0.685294-0.789216]\&apos;&apos;</OUTCOME>
<OUTCOME>&apos;\&apos;(0.789216-inf)\&apos;&apos;</OUTCOME>
</VARIABLE>
<VARIABLE TYPE="nature">
<NAME>pixel63</NAME>
<OUTCOME>&apos;\&apos;(-inf-0.428922]\&apos;&apos;</OUTCOME>
<OUTCOME>&apos;\&apos;(0.428922-0.598039]\&apos;&apos;</OUTCOME>
<OUTCOME>&apos;\&apos;(0.598039-0.75]\&apos;&apos;</OUTCOME>
<OUTCOME>&apos;\&apos;(0.75-inf)\&apos;&apos;</OUTCOME>
</VARIABLE>
<VARIABLE TYPE="nature">
<NAME>pixel64</NAME>
<OUTCOME>&apos;\&apos;(-inf-0.385294]\&apos;&apos;</OUTCOME>
<OUTCOME>&apos;\&apos;(0.385294-0.57598]\&apos;&apos;</OUTCOME>
<OUTCOME>&apos;\&apos;(0.57598-0.768137]\&apos;&apos;</OUTCOME>
<OUTCOME>&apos;\&apos;(0.768137-inf)\&apos;&apos;</OUTCOME>
</VARIABLE>
<VARIABLE TYPE="nature">
<NAME>pixel65</NAME>
<OUTCOME>&apos;\&apos;(-inf-0.347059]\&apos;&apos;</OUTCOME>
<OUTCOME>&apos;\&apos;(0.347059-0.642157]\&apos;&apos;</OUTCOME>
<OUTCOME>&apos;\&apos;(0.642157-0.79902]\&apos;&apos;</OUTCOME>
<OUTCOME>&apos;\&apos;(0.79902-inf)\&apos;&apos;</OUTCOME>
</VARIABLE>
<VARIABLE TYPE="nature">
<NAME>pixel66</NAME>
<OUTCOME>&apos;\&apos;(-inf-0.455882]\&apos;&apos;</OUTCOME>
<OUTCOME>&apos;\&apos;(0.455882-0.577941]\&apos;&apos;</OUTCOME>
<OUTCOME>&apos;\&apos;(0.577941-0.741667]\&apos;&apos;</OUTCOME>
<OUTCOME>&apos;\&apos;(0.741667-inf)\&apos;&apos;</OUTCOME>
</VARIABLE>
<VARIABLE TYPE="nature">
<NAME>pixel67</NAME>
<OUTCOME>&apos;\&apos;(-inf-0.358824]\&apos;&apos;</OUTCOME>
<OUTCOME>&apos;\&apos;(0.358824-0.635294]\&apos;&apos;</OUTCOME>
<OUTCOME>&apos;\&apos;(0.635294-0.725]\&apos;&apos;</OUTCOME>
<OUTCOME>&apos;\&apos;(0.725-inf)\&apos;&apos;</OUTCOME>
</VARIABLE>
<VARIABLE TYPE="nature">
<NAME>pixel68</NAME>
<OUTCOME>&apos;\&apos;(-inf-0.42598]\&apos;&apos;</OUTCOME>
<OUTCOME>&apos;\&apos;(0.42598-0.648039]\&apos;&apos;</OUTCOME>
<OUTCOME>&apos;\&apos;(0.648039-0.786275]\&apos;&apos;</OUTCOME>
<OUTCOME>&apos;\&apos;(0.786275-inf)\&apos;&apos;</OUTCOME>
</VARIABLE>
<VARIABLE TYPE="nature">
<NAME>pixel69</NAME>
<OUTCOME>&apos;\&apos;(-inf-0.188235]\&apos;&apos;</OUTCOME>
<OUTCOME>&apos;\&apos;(0.188235-0.429412]\&apos;&apos;</OUTCOME>
<OUTCOME>&apos;\&apos;(0.429412-0.602941]\&apos;&apos;</OUTCOME>
<OUTCOME>&apos;\&apos;(0.602941-0.716176]\&apos;&apos;</OUTCOME>
<OUTCOME>&apos;\&apos;(0.716176-0.793627]\&apos;&apos;</OUTCOME>
<OUTCOME>&apos;\&apos;(0.793627-inf)\&apos;&apos;</OUTCOME>
</VARIABLE>
<DEFINITION>
<FOR>emotion</FOR>
<TABLE>
0.13789680812161526 0.01495812074459749 0.14266808295749386 0.25080537029620215 0.17185296115067825 0.1699374858516029 0.11188117087781009 
</TABLE>
</DEFINITION>
<DEFINITION>
<FOR>pixel0</FOR>
<GIVEN>pixel62</GIVEN>
<TABLE>
0.9997697267424009 7.675775253300584E-5 7.675775253300584E-5 7.675775253300584E-5 
4.2951636457349025E-5 0.9998711450906279 4.2951636457349025E-5 4.2951636457349025E-5 
8.813678829543451E-5 8.813678829543451E-5 0.9997355896351137 8.813678829543451E-5 
1.0224948875255624E-4 1.0224948875255624E-4 1.0224948875255624E-4 0.9996932515337423 
</TABLE>
</DEFINITION>
<DEFINITION>
<FOR>pixel1</FOR>
<GIVEN>pixel6</GIVEN>
<GIVEN>pixel65</GIVEN>
<TABLE>
0.6376676021203617 0.343311506080449 0.01153726223885251 0.004677268475210477 0.002806361085126286 
0.4175506268081003 0.5435551269688204 0.02925104468016715 0.008678881388621022 9.643201542912247E-4 
0.42124542124542125 0.4652014652014652 0.057387057387057384 0.052503052503052504 0.003663003663003663 
0.44272445820433437 0.3993808049535604 0.04643962848297214 0.07120743034055728 0.04024767801857585 
0.06500445235975066 0.651528643514396 0.20273078064707628 0.07272187592757495 0.008014247551202136 
0.02874820795291632 0.5074322794838905 0.3267939334490304 0.12970648155134687 0.007319097562815966 
0.02435223066432885 0.3212546269238262 0.35047730372102087 0.28112215078901226 0.022793687901811806 
0.028522039757994815 0.3777009507346586 0.24632670700086431 0.2601555747623163 0.08729472774416594 
0.0035842293906810036 0.12066905615292713 0.1875746714456392 0.5770609318996416 0.1111111111111111 
0.0036757593344940993 0.0632617527568195 0.195976010833817 0.661443219191333 0.07564325788353647 
0.0031134173461823574 0.03869532987398073 0.1229058561897702 0.6865826538176427 0.148702742772424 
0.004646360351058337 0.03975219411461022 0.09447599380485286 0.6045431078988126 0.25658234383066597 
0.006036217303822937 0.026156941649899398 0.05432595573440644 0.2515090543259557 0.6619718309859155 
0.001347103726986978 0.018410417602155366 0.04714863044454423 0.27705433318365513 0.6560395150426583 
0.001144950767117014 0.008014655369819098 0.022670025188916875 0.2777650561025876 0.6904053125715595 
9.347541596560105E-4 0.007664984109179286 0.011030099083940923 0.13479154982239672 0.845578612824827 
</TABLE>
</DEFINITION>
<DEFINITION>
<FOR>pixel2</FOR>
<GIVEN>pixel7</GIVEN>
<GIVEN>pixel3</GIVEN>
<TABLE>
0.7713707637835103 0.20485584218512898 0.019726858877086494 0.0035407182599898838 5.058168942842691E-4 
0.34439834024896265 0.36929460580912865 0.26141078838174275 0.012448132780082987 0.012448132780082987 
0.373134328358209 0.22388059701492538 0.34328358208955223 0.014925373134328358 0.04477611940298507 
0.2 0.36 0.28 0.12 0.04 
0.1287641368033792 0.6176590816187492 0.24894399781986648 0.0031339419539446792 0.0014988418040604986 
0.03977406448576135 0.2981878088962109 0.6483878559661097 0.010590727229936456 0.003059543421981643 
0.0189328743545611 0.23580034423407917 0.5628227194492255 0.12908777969018934 0.05335628227194492 
0.03910614525139665 0.25139664804469275 0.329608938547486 0.19553072625698323 0.18435754189944134 
0.0404138376980278 0.2033624312964759 0.6986744261235047 0.046880051729712255 0.01066925315227934 
0.00509502628386575 0.05216336433481601 0.8461787302871007 0.08807116862110796 0.008491710473109584 
0.003153247845280639 0.024595333193188986 0.6245532898885853 0.3104898044986336 0.037208324574311544 
0.003821656050955414 0.0267515923566879 0.3452229299363057 0.3375796178343949 0.28662420382165604 
0.0297339593114241 0.11424100156494522 0.5367762128325508 0.23943661971830985 0.07981220657276995 
0.0033567287152883735 0.018004272200183094 0.4403417760146475 0.42142203234665854 0.11687519072322246 
0.0010908524232507402 0.007947639083683964 0.1750038959015116 0.599501324606514 0.21645628798503974 
0.0014584346135148275 0.0014584346135148275 0.11618862421001458 0.3787068546426835 0.5021876519202723 
0.02422145328719723 0.058823529411764705 0.34256055363321797 0.15570934256055363 0.4186851211072664 
0.00776914539400666 0.01220865704772475 0.18312985571587126 0.29411764705882354 0.5027746947835738 
3.495281370150297E-4 0.002446696959105208 0.06885704299196085 0.2093673540720028 0.7189793778399162 
1.8446781036709093E-4 0.002398081534772182 0.018262313226342003 0.058107360265633644 0.9210477771628851 
</TABLE>
</DEFINITION>
<DEFINITION>
<FOR>pixel3</FOR>
<GIVEN>pixel68</GIVEN>
<TABLE>
0.999774707119255 7.509762691498949E-5 7.509762691498949E-5 7.509762691498949E-5 
4.759185227489054E-5 0.9998572244431754 4.759185227489054E-5 4.759185227489054E-5 
6.820351930159596E-5 6.820351930159596E-5 0.9997953894420952 6.820351930159596E-5 
1.1839924224484963E-4 1.1839924224484963E-4 1.1839924224484963E-4 0.9996448022732655 
</TABLE>
</DEFINITION>
<DEFINITION>
<FOR>pixel4</FOR>
<GIVEN>pixel61</GIVEN>
<GIVEN>pixel56</GIVEN>
<TABLE>
0.9209944751381215 0.06795580110497237 0.0060773480662983425 0.004972375690607734 
0.7507552870090635 0.22507552870090636 0.004531722054380665 0.019637462235649546 
0.6405405405405405 0.3162162162162162 0.024324324324324326 0.01891891891891892 
0.5648148148148148 0.26851851851851855 0.1388888888888889 0.027777777777777776 
0.606612685560054 0.3785425101214575 0.010121457489878543 0.004723346828609987 
0.41098209966134497 0.5614417029511369 0.01717464925012095 0.010401548137397194 
0.2908496732026144 0.6493930905695612 0.04341736694677871 0.016339869281045753 
0.26785714285714285 0.5376984126984127 0.09325396825396826 0.10119047619047619 
0.0857250755287009 0.8266616314199395 0.05929003021148036 0.028323262839879154 
0.04486445208094693 0.8974799541809851 0.04677357770141275 0.010882016036655211 
0.03576864535768645 0.8540334855403349 0.09178082191780822 0.018417047184170473 
0.0467877094972067 0.6277932960893855 0.22835195530726257 0.09706703910614525 
0.046296296296296294 0.4081196581196581 0.41381766381766383 0.13176638176638178 
0.02132288946910357 0.4773716275021758 0.39730200174064406 0.10400348128807659 
0.005870561282932417 0.4222508591065292 0.47723367697594504 0.09464490263459335 
0.011823436678928009 0.24093536521282186 0.4753021544929059 0.2719390436153442 
0.025059665871121718 0.12529832935560858 0.21837708830548927 0.6312649164677804 
0.008637236084452975 0.09692898272552783 0.2715930902111324 0.6228406909788867 
0.005501618122977346 0.07216828478964402 0.23333333333333334 0.6889967637540453 
0.004138449962377728 0.035490343616754454 0.12327564584900928 0.8370955605718585 
</TABLE>
</DEFINITION>
<DEFINITION>
<FOR>pixel5</FOR>
<GIVEN>pixel1</GIVEN>
<GIVEN>pixel69</GIVEN>
<TABLE>
0.4583333333333333 0.46085858585858586 0.06186868686868687 0.01893939393939394 
0.2296573875802998 0.6536402569593148 0.09582441113490364 0.0208779443254818 
0.12993762993762994 0.5145530145530145 0.30665280665280664 0.04885654885654886 
0.10076045627376426 0.5114068441064639 0.32129277566539927 0.06653992395437262 
0.09854014598540146 0.3686131386861314 0.3467153284671533 0.18613138686131386 
0.10245901639344263 0.36475409836065575 0.3155737704918033 0.21721311475409835 
0.22134831460674156 0.553932584269663 0.1853932584269663 0.03932584269662921 
0.06638777737359039 0.6978901418697708 0.2158966897053474 0.01982539105129138 
0.037250996015936254 0.5296812749003984 0.4037848605577689 0.029282868525896413 
0.03737864077669903 0.34805825242718447 0.49466019417475726 0.11990291262135923 
0.02854122621564482 0.29704016913319237 0.459830866807611 0.21458773784355178 
0.02631578947368421 0.2819548872180451 0.31203007518796994 0.37969924812030076 
0.1443661971830986 0.41901408450704225 0.3626760563380282 0.07394366197183098 
0.06004036326942482 0.44954591321897075 0.4162462159434914 0.07416750756811302 
0.025379382522239664 0.3424908424908425 0.5711669283097854 0.06096284667713239 
0.01744186046511628 0.2571556350626118 0.5943649373881932 0.1310375670840787 
0.012585812356979404 0.16819221967963388 0.49084668192219677 0.32837528604118993 
0.02280701754385965 0.156140350877193 0.4368421052631579 0.38421052631578945 
0.08793969849246232 0.3793969849246231 0.3492462311557789 0.18341708542713567 
0.036463536463536464 0.3031968031968032 0.48301698301698304 0.1773226773226773 
0.020603228547153782 0.21346644010195412 0.5949447748513169 0.1709855564995752 
0.0156567710451403 0.15758438389589263 0.5719804798698658 0.25477836518910124 
0.011934156378600824 0.12139917695473251 0.4777777777777778 0.3888888888888889 
0.012013729977116704 0.12528604118993136 0.34839816933638446 0.5143020594965675 
0.10775862068965517 0.21120689655172414 0.3922413793103448 0.28879310344827586 
0.03714859437751004 0.22791164658634538 0.33433734939759036 0.4006024096385542 
0.01670258620689655 0.1320043103448276 0.3776939655172414 0.4735991379310345 
0.012601626016260163 0.11829268292682926 0.3548780487804878 0.5142276422764228 
0.007630522088353414 0.08313253012048193 0.3281124497991968 0.5811244979919679 
0.007932166301969365 0.06920131291028446 0.22948577680525165 0.6933807439824945 
</TABLE>
</DEFINITION>
<DEFINITION>
<FOR>pixel6</FOR>
<GIVEN>emotion</GIVEN>
<GIVEN>pixel58</GIVEN>
<TABLE>
0.43505747126436783 0.4304597701149425 0.0925287356321839 0.04195402298850575 
0.1761182108626198 0.5850638977635783 0.19129392971246006 0.04752396166134185 
0.04976744186046512 0.42930232558139536 0.3893023255813953 0.13162790697674417 
0.03961038961038961 0.19805194805194806 0.2681818181818182 0.4941558441558442 
0.33098591549295775 0.528169014084507 0.04929577464788732 0.09154929577464789 
0.07251908396946564 0.583969465648855 0.2633587786259542 0.08015267175572519 
0.05701754385964912 0.4868421052631579 0.3026315789473684 0.15350877192982457 
0.0371900826446281 0.1115702479338843 0.3925619834710744 0.45867768595041325 
0.3217005076142132 0.4612944162436548 0.1516497461928934 0.06535532994923858 
0.11787564766839378 0.5427461139896373 0.23359240069084627 0.10578583765112262 
0.047868061142397424 0.3399034593724859 0.38736926790024134 0.2248592115848753 
0.027868852459016394 0.1371584699453552 0.27377049180327867 0.5612021857923497 
0.35858585858585856 0.4696969696969697 0.1114996114996115 0.060217560217560216 
0.11180846118084611 0.6506276150627615 0.16666666666666666 0.0708972570897257 
0.03348519362186788 0.42255125284738043 0.3938496583143508 0.15011389521640092 
0.0225253807106599 0.13039340101522842 0.3131345177664975 0.5339467005076142 
0.3737864077669903 0.411738746690203 0.12842012356575463 0.08605472197705208 
0.10562913907284768 0.5910596026490066 0.20364238410596028 0.09966887417218544 
0.0312960235640648 0.3383652430044183 0.39727540500736375 0.23306332842415317 
0.022848034006376194 0.10786397449521785 0.26726886291179597 0.60201912858661 
0.35881174899866486 0.44559412550066757 0.12583444592790388 0.06975967957276369 
0.14680989583333334 0.5621744791666666 0.20540364583333334 0.08561197916666667 
0.06367521367521367 0.391025641025641 0.35341880341880344 0.1918803418803419 
0.046120058565153735 0.1705710102489019 0.2657393850658858 0.5175695461200586 
0.33699059561128525 0.4059561128526646 0.15830721003134796 0.0987460815047022 
0.06754874651810584 0.49651810584958217 0.30571030640668523 0.13022284122562675 
0.039831302717900655 0.2563261480787254 0.4053420805998126 0.2985004686035614 
0.005824372759856631 0.0846774193548387 0.2289426523297491 0.6805555555555556 
</TABLE>
</DEFINITION>
<DEFINITION>
<FOR>pixel7</FOR>
<GIVEN>pixel4</GIVEN>
<GIVEN>pixel0</GIVEN>
<TABLE>
0.25692727982307795 0.6370495641992975 0.09587615454663719 0.0071549369064654615 0.0029920645245219203 
0.10569105691056911 0.5307781649245064 0.31010452961672474 0.03832752613240418 0.015098722415795587 
0.07042253521126761 0.5774647887323944 0.15492957746478872 0.1267605633802817 0.07042253521126761 
0.07317073170731707 0.4634146341463415 0.3170731707317073 0.12195121951219512 0.024390243902439025 
0.021988713757540378 0.568398521113057 0.34890056431212296 0.043782837127845885 0.016929363689433742 
0.004136561689923336 0.19210192488003972 0.6792234294854117 0.10892945783464784 0.015608626109977387 
0.007852193995381063 0.08083140877598152 0.5113163972286374 0.33672055427251735 0.06327944572748267 
0.02356902356902357 0.09764309764309764 0.4006734006734007 0.265993265993266 0.21212121212121213 
0.006622516556291391 0.08609271523178808 0.4304635761589404 0.39072847682119205 0.08609271523178808 
8.653014133256418E-4 0.03374675511970003 0.521776752235362 0.37986732044995675 0.06374387078165561 
1.7155601303825698E-4 0.014925373134328358 0.275690512952479 0.6126265225596157 0.09658603534053868 
0.003045685279187817 0.019289340101522844 0.18375634517766498 0.4639593908629442 0.3299492385786802 
0.014925373134328358 0.04477611940298507 0.2537313432835821 0.2537313432835821 0.43283582089552236 
0.0059594755661501785 0.025029797377830752 0.25387365911799764 0.4064362336114422 0.30870083432657924 
9.099181073703367E-4 0.006369426751592357 0.10221413406126782 0.5304822565969063 0.36002426448286323 
3.540658562492624E-4 0.004838900035406586 0.04779889059365042 0.20830874542664934 0.7386993980880444 
</TABLE>
</DEFINITION>
<DEFINITION>
<FOR>pixel8</FOR>
<GIVEN>pixel7</GIVEN>
<GIVEN>pixel56</GIVEN>
<TABLE>
0.822237017310253 0.13648468708388814 0.02596537949400799 0.015312916111850865 
0.45353982300884954 0.3827433628318584 0.06415929203539823 0.09955752212389381 
0.3588709677419355 0.40725806451612906 0.14112903225806453 0.09274193548387097 
0.25961538461538464 0.20192307692307693 0.14423076923076922 0.3942307692307692 
0.6413139329805997 0.28681657848324515 0.04343033509700176 0.028439153439153438 
0.41928864569083446 0.4831281349749202 0.06817145462836298 0.029411764705882353 
0.22266473569876902 0.5340333091962346 0.16980448950036206 0.07349746560463433 
0.15 0.30454545454545456 0.24696969696969698 0.29848484848484846 
0.24051026757934038 0.5553827006845052 0.1434349719975109 0.06067205973864343 
0.17626262626262626 0.6166666666666667 0.15404040404040403 0.05303030303030303 
0.09001802613789996 0.5568949977467328 0.2610410094637224 0.09204596665164488 
0.04484153742414026 0.31726230613621037 0.3246797033041133 0.3132164531355361 
0.109375 0.35444078947368424 0.29523026315789475 0.24095394736842105 
0.0952109464082098 0.35860889395667045 0.34720638540478904 0.19897377423033066 
0.04615689381933439 0.35479397781299526 0.3698494453248811 0.22919968304278923 
0.02403846153846154 0.18017399267399267 0.34455128205128205 0.45123626373626374 
0.09587020648967552 0.1902654867256637 0.16666666666666666 0.5471976401179941 
0.08194774346793349 0.19121140142517815 0.17458432304038005 0.5522565320665083 
0.04275427542754275 0.18316831683168316 0.23627362736273627 0.5378037803780378 
0.026720223541739436 0.09657701711491443 0.17237163814180928 0.7043311212015368 
</TABLE>
</DEFINITION>
<DEFINITION>
<FOR>pixel9</FOR>
<GIVEN>pixel1</GIVEN>
<GIVEN>pixel34</GIVEN>
<TABLE>
0.7834960070984915 0.20496894409937888 0.011535048802129548 
0.6902469652574299 0.30096274591879446 0.008790288823775638 
0.5672676837725381 0.39528432732316227 0.03744798890429958 
0.5155875299760192 0.3908872901678657 0.09352517985611511 
0.1980115990057995 0.7348798674399337 0.06710853355426678 
0.15855292541313087 0.8019949382164657 0.03945213637040346 
0.07094663667961562 0.8671028419546105 0.06195052136577387 
0.061635220125786164 0.7635220125786164 0.17484276729559747 
0.06728538283062645 0.6705336426914154 0.26218097447795824 
0.02054538662682107 0.7788569293985805 0.20059768397459843 
0.011108240764660295 0.785585120123999 0.20330663911134073 
0.012603528988116673 0.6658264314007922 0.3215700396110911 
0.017214397496087636 0.433489827856025 0.5492957746478874 
0.009237085186452275 0.477933629832364 0.5128292849811837 
0.0029131870266071083 0.4173625946785784 0.5797242182948146 
0.0017377355968453416 0.2722898008287662 0.7259724635743885 
0.010351966873706004 0.17598343685300208 0.8136645962732919 
0.003599712023038157 0.12742980561555076 0.8689704823614111 
4.192872117400419E-4 0.08679245283018867 0.9127882599580712 
0.0012127745586848133 0.04352513138391052 0.9552620940574047 
</TABLE>
</DEFINITION>
<DEFINITION>
<FOR>pixel10</FOR>
<GIVEN>pixel14</GIVEN>
<GIVEN>pixel15</GIVEN>
<TABLE>
0.9603577471597776 0.03940053178631859 2.4172105390379503E-4 
0.6630824372759857 0.33640552995391704 5.120327700972862E-4 
0.39622641509433965 0.5849056603773585 0.018867924528301886 
0.3577981651376147 0.5963302752293578 0.045871559633027525 
0.42919153553988065 0.5670103092783505 0.0037981551817688553 
0.03340583347275668 0.9529306787128436 0.013663487814399643 
0.005400734499891985 0.7800820911643983 0.21451717433570966 
0.0023485204321277596 0.5584781587599812 0.439173320807891 
0.09565217391304348 0.5826086956521739 0.3217391304347826 
0.004893964110929853 0.46166394779771613 0.533442088091354 
1.6911889058007779E-4 0.12159648232707593 0.878234398782344 
1.7965147613629558E-4 0.015629678423857717 0.9841906701000059 
</TABLE>
</DEFINITION>
<DEFINITION>
<FOR>pixel11</FOR>
<GIVEN>pixel13</GIVEN>
<GIVEN>pixel15</GIVEN>
<TABLE>
0.8873407643312102 0.11186305732484077 3.980891719745223E-4 3.980891719745223E-4 
0.6300813008130082 0.36720867208672087 0.0013550135501355014 0.0013550135501355014 
0.5340909090909091 0.4431818181818182 0.011363636363636364 0.011363636363636364 
0.546875 0.359375 0.046875 0.046875 
0.11055718475073313 0.8765395894428153 0.012023460410557185 8.797653958944282E-4 
0.009574338333943163 0.823088181485547 0.16447127698499817 0.0028662031955116476 
0.004908376963350785 0.4839659685863874 0.4964005235602094 0.014725130890052356 
0.0025201612903225806 0.4309475806451613 0.4430443548387097 0.12348790322580645 
0.005681818181818182 0.3352272727272727 0.3693181818181818 0.2897727272727273 
