<?xml version="1.0"?>
<!-- DTD for the XMLBIF 0.3 format -->
<!DOCTYPE BIF [
	<!ELEMENT BIF ( NETWORK )*>
	      <!ATTLIST BIF VERSION CDATA #REQUIRED>
	<!ELEMENT NETWORK ( NAME, ( PROPERTY | VARIABLE | DEFINITION )* )>
	<!ELEMENT NAME (#PCDATA)>
	<!ELEMENT VARIABLE ( NAME, ( OUTCOME |  PROPERTY )* ) >
	      <!ATTLIST VARIABLE TYPE (nature|decision|utility) "nature">
	<!ELEMENT OUTCOME (#PCDATA)>
	<!ELEMENT DEFINITION ( FOR | GIVEN | TABLE | PROPERTY )* >
	<!ELEMENT FOR (#PCDATA)>
	<!ELEMENT GIVEN (#PCDATA)>
	<!ELEMENT TABLE (#PCDATA)>
	<!ELEMENT PROPERTY (#PCDATA)>
]>


<BIF VERSION="0.3">
<NETWORK>
<NAME>faces-weka.filters.supervised.attribute.Discretize-Rfirst-last-precision6-weka.filters.unsupervised.attribute.ReplaceMissingValues</NAME>
<VARIABLE TYPE="nature">
<NAME>emotion</NAME>
<OUTCOME>angry</OUTCOME>
<OUTCOME>disgust</OUTCOME>
<OUTCOME>fear</OUTCOME>
<OUTCOME>happy</OUTCOME>
<OUTCOME>neutral</OUTCOME>
<OUTCOME>sad</OUTCOME>
<OUTCOME>surprise</OUTCOME>
</VARIABLE>
<VARIABLE TYPE="nature">
<NAME>pixel0</NAME>
<OUTCOME>&apos;\&apos;(-inf-0.448039]\&apos;&apos;</OUTCOME>
<OUTCOME>&apos;\&apos;(0.448039-0.685294]\&apos;&apos;</OUTCOME>
<OUTCOME>&apos;\&apos;(0.685294-0.789216]\&apos;&apos;</OUTCOME>
<OUTCOME>&apos;\&apos;(0.789216-inf)\&apos;&apos;</OUTCOME>
</VARIABLE>
<VARIABLE TYPE="nature">
<NAME>pixel1</NAME>
<OUTCOME>&apos;\&apos;(-inf-0.288725]\&apos;&apos;</OUTCOME>
<OUTCOME>&apos;\&apos;(0.288725-0.52451]\&apos;&apos;</OUTCOME>
<OUTCOME>&apos;\&apos;(0.52451-0.620098]\&apos;&apos;</OUTCOME>
<OUTCOME>&apos;\&apos;(0.620098-0.764216]\&apos;&apos;</OUTCOME>
<OUTCOME>&apos;\&apos;(0.764216-inf)\&apos;&apos;</OUTCOME>
</VARIABLE>
<VARIABLE TYPE="nature">
<NAME>pixel2</NAME>
<OUTCOME>&apos;\&apos;(-inf-0.230882]\&apos;&apos;</OUTCOME>
<OUTCOME>&apos;\&apos;(0.230882-0.40098]\&apos;&apos;</OUTCOME>
<OUTCOME>&apos;\&apos;(0.40098-0.661765]\&apos;&apos;</OUTCOME>
<OUTCOME>&apos;\&apos;(0.661765-0.757353]\&apos;&apos;</OUTCOME>
<OUTCOME>&apos;\&apos;(0.757353-inf)\&apos;&apos;</OUTCOME>
</VARIABLE>
<VARIABLE TYPE="nature">
<NAME>pixel3</NAME>
<OUTCOME>&apos;\&apos;(-inf-0.42598]\&apos;&apos;</OUTCOME>
<OUTCOME>&apos;\&apos;(0.42598-0.648039]\&apos;&apos;</OUTCOME>
<OUTCOME>&apos;\&apos;(0.648039-0.786275]\&apos;&apos;</OUTCOME>
<OUTCOME>&apos;\&apos;(0.786275-inf)\&apos;&apos;</OUTCOME>
</VARIABLE>
<VARIABLE TYPE="nature">
<NAME>pixel4</NAME>
<OUTCOME>&apos;\&apos;(-inf-0.408824]\&apos;&apos;</OUTCOME>
<OUTCOME>&apos;\&apos;(0.408824-0.696569]\&apos;&apos;</OUTCOME>
<OUTCOME>&apos;\&apos;(0.696569-0.783333]\&apos;&apos;</OUTCOME>
<OUTCOME>&apos;\&apos;(0.783333-inf)\&apos;&apos;</OUTCOME>
</VARIABLE>
<VARIABLE TYPE="nature">
<NAME>pixel5</NAME>
<OUTCOME>&apos;\&apos;(-inf-0.179412]\&apos;&apos;</OUTCOME>
<OUTCOME>&apos;\&apos;(0.179412-0.473529]\&apos;&apos;</OUTCOME>
<OUTCOME>&apos;\&apos;(0.473529-0.70049]\&apos;&apos;</OUTCOME>
<OUTCOME>&apos;\&apos;(0.70049-inf)\&apos;&apos;</OUTCOME>
</VARIABLE>
<VARIABLE TYPE="nature">
<NAME>pixel6</NAME>
<OUTCOME>&apos;\&apos;(-inf-0.378431]\&apos;&apos;</OUTCOME>
<OUTCOME>&apos;\&apos;(0.378431-0.656863]\&apos;&apos;</OUTCOME>
<OUTCOME>&apos;\&apos;(0.656863-0.779412]\&apos;&apos;</OUTCOME>
<OUTCOME>&apos;\&apos;(0.779412-inf)\&apos;&apos;</OUTCOME>
</VARIABLE>
<VARIABLE TYPE="nature">
<NAME>pixel7</NAME>
<OUTCOME>&apos;\&apos;(-inf-0.230392]\&apos;&apos;</OUTCOME>
<OUTCOME>&apos;\&apos;(0.230392-0.482353]\&apos;&apos;</OUTCOME>
<OUTCOME>&apos;\&apos;(0.482353-0.684314]\&apos;&apos;</OUTCOME>
<OUTCOME>&apos;\&apos;(0.684314-0.794608]\&apos;&apos;</OUTCOME>
<OUTCOME>&apos;\&apos;(0.794608-inf)\&apos;&apos;</OUTCOME>
</VARIABLE>
<VARIABLE TYPE="nature">
<NAME>pixel8</NAME>
<OUTCOME>&apos;\&apos;(-inf-0.47402]\&apos;&apos;</OUTCOME>
<OUTCOME>&apos;\&apos;(0.47402-0.7]\&apos;&apos;</OUTCOME>
<OUTCOME>&apos;\&apos;(0.7-0.796078]\&apos;&apos;</OUTCOME>
<OUTCOME>&apos;\&apos;(0.796078-inf)\&apos;&apos;</OUTCOME>
</VARIABLE>
<VARIABLE TYPE="nature">
<NAME>pixel9</NAME>
<OUTCOME>&apos;\&apos;(-inf-0.293137]\&apos;&apos;</OUTCOME>
<OUTCOME>&apos;\&apos;(0.293137-0.631863]\&apos;&apos;</OUTCOME>
<OUTCOME>&apos;\&apos;(0.631863-inf)\&apos;&apos;</OUTCOME>
</VARIABLE>
<VARIABLE TYPE="nature">
<NAME>pixel10</NAME>
<OUTCOME>&apos;\&apos;(-inf-0.170588]\&apos;&apos;</OUTCOME>
<OUTCOME>&apos;\&apos;(0.170588-0.601471]\&apos;&apos;</OUTCOME>
<OUTCOME>&apos;\&apos;(0.601471-inf)\&apos;&apos;</OUTCOME>
</VARIABLE>
<VARIABLE TYPE="nature">
<NAME>pixel11</NAME>
<OUTCOME>&apos;\&apos;(-inf-0.107353]\&apos;&apos;</OUTCOME>
<OUTCOME>&apos;\&apos;(0.107353-0.492157]\&apos;&apos;</OUTCOME>
<OUTCOME>&apos;\&apos;(0.492157-0.663235]\&apos;&apos;</OUTCOME>
<OUTCOME>&apos;\&apos;(0.663235-inf)\&apos;&apos;</OUTCOME>
</VARIABLE>
<VARIABLE TYPE="nature">
<NAME>pixel12</NAME>
<OUTCOME>&apos;\&apos;(-inf-0.505392]\&apos;&apos;</OUTCOME>
<OUTCOME>&apos;\&apos;(0.505392-inf)\&apos;&apos;</OUTCOME>
</VARIABLE>
<VARIABLE TYPE="nature">
<NAME>pixel13</NAME>
<OUTCOME>&apos;\&apos;(-inf-0.108824]\&apos;&apos;</OUTCOME>
<OUTCOME>&apos;\&apos;(0.108824-0.564706]\&apos;&apos;</OUTCOME>
<OUTCOME>&apos;\&apos;(0.564706-inf)\&apos;&apos;</OUTCOME>
</VARIABLE>
<VARIABLE TYPE="nature">
<NAME>pixel14</NAME>
<OUTCOME>&apos;\&apos;(-inf-0.152451]\&apos;&apos;</OUTCOME>
<OUTCOME>&apos;\&apos;(0.152451-0.585294]\&apos;&apos;</OUTCOME>
<OUTCOME>&apos;\&apos;(0.585294-inf)\&apos;&apos;</OUTCOME>
</VARIABLE>
<VARIABLE TYPE="nature">
<NAME>pixel15</NAME>
<OUTCOME>&apos;\&apos;(-inf-0.197059]\&apos;&apos;</OUTCOME>
<OUTCOME>&apos;\&apos;(0.197059-0.584314]\&apos;&apos;</OUTCOME>
<OUTCOME>&apos;\&apos;(0.584314-0.704902]\&apos;&apos;</OUTCOME>
<OUTCOME>&apos;\&apos;(0.704902-inf)\&apos;&apos;</OUTCOME>
</VARIABLE>
<VARIABLE TYPE="nature">
<NAME>pixel16</NAME>
<OUTCOME>&apos;\&apos;(-inf-0.318627]\&apos;&apos;</OUTCOME>
<OUTCOME>&apos;\&apos;(0.318627-0.589216]\&apos;&apos;</OUTCOME>
<OUTCOME>&apos;\&apos;(0.589216-0.706863]\&apos;&apos;</OUTCOME>
<OUTCOME>&apos;\&apos;(0.706863-inf)\&apos;&apos;</OUTCOME>
</VARIABLE>
<VARIABLE TYPE="nature">
<NAME>pixel17</NAME>
<OUTCOME>&apos;\&apos;(-inf-0.530392]\&apos;&apos;</OUTCOME>
<OUTCOME>&apos;\&apos;(0.530392-0.65049]\&apos;&apos;</OUTCOME>
<OUTCOME>&apos;\&apos;(0.65049-inf)\&apos;&apos;</OUTCOME>
</VARIABLE>
<VARIABLE TYPE="nature">
<NAME>pixel18</NAME>
<OUTCOME>&apos;\&apos;(-inf-0.567157]\&apos;&apos;</OUTCOME>
<OUTCOME>&apos;\&apos;(0.567157-0.716667]\&apos;&apos;</OUTCOME>
<OUTCOME>&apos;\&apos;(0.716667-inf)\&apos;&apos;</OUTCOME>
</VARIABLE>
<VARIABLE TYPE="nature">
<NAME>pixel19</NAME>
<OUTCOME>&apos;\&apos;(-inf-0.159314]\&apos;&apos;</OUTCOME>
<OUTCOME>&apos;\&apos;(0.159314-0.548529]\&apos;&apos;</OUTCOME>
<OUTCOME>&apos;\&apos;(0.548529-inf)\&apos;&apos;</OUTCOME>
</VARIABLE>
<VARIABLE TYPE="nature">
<NAME>pixel20</NAME>
<OUTCOME>&apos;\&apos;(-inf-0.017157]\&apos;&apos;</OUTCOME>
<OUTCOME>&apos;\&apos;(0.017157-0.733824]\&apos;&apos;</OUTCOME>
<OUTCOME>&apos;\&apos;(0.733824-0.972059]\&apos;&apos;</OUTCOME>
<OUTCOME>&apos;\&apos;(0.972059-inf)\&apos;&apos;</OUTCOME>
</VARIABLE>
<VARIABLE TYPE="nature">
<NAME>pixel21</NAME>
<OUTCOME>&apos;\&apos;(-inf-0.027941]\&apos;&apos;</OUTCOME>
<OUTCOME>&apos;\&apos;(0.027941-0.677941]\&apos;&apos;</OUTCOME>
<OUTCOME>&apos;\&apos;(0.677941-0.986765]\&apos;&apos;</OUTCOME>
<OUTCOME>&apos;\&apos;(0.986765-inf)\&apos;&apos;</OUTCOME>
</VARIABLE>
<VARIABLE TYPE="nature">
<NAME>pixel22</NAME>
<OUTCOME>&apos;\&apos;(-inf-0.606863]\&apos;&apos;</OUTCOME>
<OUTCOME>&apos;\&apos;(0.606863-0.976961]\&apos;&apos;</OUTCOME>
<OUTCOME>&apos;\&apos;(0.976961-inf)\&apos;&apos;</OUTCOME>
</VARIABLE>
<VARIABLE TYPE="nature">
<NAME>pixel23</NAME>
<OUTCOME>&apos;\&apos;(-inf-0.584314]\&apos;&apos;</OUTCOME>
<OUTCOME>&apos;\&apos;(0.584314-0.957353]\&apos;&apos;</OUTCOME>
<OUTCOME>&apos;\&apos;(0.957353-inf)\&apos;&apos;</OUTCOME>
</VARIABLE>
<VARIABLE TYPE="nature">
<NAME>pixel24</NAME>
<OUTCOME>&apos;\&apos;(-inf-0.585294]\&apos;&apos;</OUTCOME>
<OUTCOME>&apos;\&apos;(0.585294-0.985784]\&apos;&apos;</OUTCOME>
<OUTCOME>&apos;\&apos;(0.985784-inf)\&apos;&apos;</OUTCOME>
</VARIABLE>
<VARIABLE TYPE="nature">
<NAME>pixel25</NAME>
<OUTCOME>&apos;\&apos;(-inf-0.026961]\&apos;&apos;</OUTCOME>
<OUTCOME>&apos;\&apos;(0.026961-0.305392]\&apos;&apos;</OUTCOME>
<OUTCOME>&apos;\&apos;(0.305392-0.661765]\&apos;&apos;</OUTCOME>
<OUTCOME>&apos;\&apos;(0.661765-0.957353]\&apos;&apos;</OUTCOME>
<OUTCOME>&apos;\&apos;(0.957353-inf)\&apos;&apos;</OUTCOME>
</VARIABLE>
<VARIABLE TYPE="nature">
<NAME>pixel26</NAME>
<OUTCOME>&apos;\&apos;(-inf-0.630882]\&apos;&apos;</OUTCOME>
<OUTCOME>&apos;\&apos;(0.630882-0.970588]\&apos;&apos;</OUTCOME>
<OUTCOME>&apos;\&apos;(0.970588-inf)\&apos;&apos;</OUTCOME>
</VARIABLE>
<VARIABLE TYPE="nature">
<NAME>pixel27</NAME>
<OUTCOME>&apos;\&apos;(-inf-0.568137]\&apos;&apos;</OUTCOME>
<OUTCOME>&apos;\&apos;(0.568137-0.794608]\&apos;&apos;</OUTCOME>
<OUTCOME>&apos;\&apos;(0.794608-0.990686]\&apos;&apos;</OUTCOME>
<OUTCOME>&apos;\&apos;(0.990686-inf)\&apos;&apos;</OUTCOME>
</VARIABLE>
<VARIABLE TYPE="nature">
<NAME>pixel28</NAME>
<OUTCOME>&apos;\&apos;(-inf-0.553922]\&apos;&apos;</OUTCOME>
<OUTCOME>&apos;\&apos;(0.553922-0.74902]\&apos;&apos;</OUTCOME>
<OUTCOME>&apos;\&apos;(0.74902-0.983333]\&apos;&apos;</OUTCOME>
<OUTCOME>&apos;\&apos;(0.983333-inf)\&apos;&apos;</OUTCOME>
</VARIABLE>
<VARIABLE TYPE="nature">
<NAME>pixel29</NAME>
<OUTCOME>&apos;\&apos;(-inf-0.012255]\&apos;&apos;</OUTCOME>
<OUTCOME>&apos;\&apos;(0.012255-0.687255]\&apos;&apos;</OUTCOME>
<OUTCOME>&apos;\&apos;(0.687255-0.967647]\&apos;&apos;</OUTCOME>
<OUTCOME>&apos;\&apos;(0.967647-inf)\&apos;&apos;</OUTCOME>
</VARIABLE>
<VARIABLE TYPE="nature">
<NAME>pixel30</NAME>
<OUTCOME>&apos;\&apos;(-inf-0.133333]\&apos;&apos;</OUTCOME>
<OUTCOME>&apos;\&apos;(0.133333-0.215196]\&apos;&apos;</OUTCOME>
<OUTCOME>&apos;\&apos;(0.215196-0.420588]\&apos;&apos;</OUTCOME>
<OUTCOME>&apos;\&apos;(0.420588-0.621078]\&apos;&apos;</OUTCOME>
<OUTCOME>&apos;\&apos;(0.621078-inf)\&apos;&apos;</OUTCOME>
</VARIABLE>
<VARIABLE TYPE="nature">
<NAME>pixel31</NAME>
<OUTCOME>&apos;\&apos;(-inf-0.160784]\&apos;&apos;</OUTCOME>
<OUTCOME>&apos;\&apos;(0.160784-0.365686]\&apos;&apos;</OUTCOME>
<OUTCOME>&apos;\&apos;(0.365686-0.573529]\&apos;&apos;</OUTCOME>
<OUTCOME>&apos;\&apos;(0.573529-0.734804]\&apos;&apos;</OUTCOME>
<OUTCOME>&apos;\&apos;(0.734804-inf)\&apos;&apos;</OUTCOME>
</VARIABLE>
<VARIABLE TYPE="nature">
<NAME>pixel32</NAME>
<OUTCOME>&apos;\&apos;(-inf-0.194608]\&apos;&apos;</OUTCOME>
<OUTCOME>&apos;\&apos;(0.194608-0.286765]\&apos;&apos;</OUTCOME>
<OUTCOME>&apos;\&apos;(0.286765-0.492157]\&apos;&apos;</OUTCOME>
<OUTCOME>&apos;\&apos;(0.492157-inf)\&apos;&apos;</OUTCOME>
</VARIABLE>
<VARIABLE TYPE="nature">
<NAME>pixel33</NAME>
<OUTCOME>&apos;\&apos;(-inf-0.151961]\&apos;&apos;</OUTCOME>
<OUTCOME>&apos;\&apos;(0.151961-0.27549]\&apos;&apos;</OUTCOME>
<OUTCOME>&apos;\&apos;(0.27549-0.558824]\&apos;&apos;</OUTCOME>
<OUTCOME>&apos;\&apos;(0.558824-inf)\&apos;&apos;</OUTCOME>
</VARIABLE>
<VARIABLE TYPE="nature">
<NAME>pixel34</NAME>
<OUTCOME>&apos;\&apos;(-inf-0.161765]\&apos;&apos;</OUTCOME>
<OUTCOME>&apos;\&apos;(0.161765-0.402451]\&apos;&apos;</OUTCOME>
<OUTCOME>&apos;\&apos;(0.402451-0.571078]\&apos;&apos;</OUTCOME>
<OUTCOME>&apos;\&apos;(0.571078-inf)\&apos;&apos;</OUTCOME>
</VARIABLE>
<VARIABLE TYPE="nature">
<NAME>pixel35</NAME>
<OUTCOME>&apos;\&apos;(-inf-0.178922]\&apos;&apos;</OUTCOME>
<OUTCOME>&apos;\&apos;(0.178922-0.280882]\&apos;&apos;</OUTCOME>
<OUTCOME>&apos;\&apos;(0.280882-0.40098]\&apos;&apos;</OUTCOME>
<OUTCOME>&apos;\&apos;(0.40098-0.560294]\&apos;&apos;</OUTCOME>
<OUTCOME>&apos;\&apos;(0.560294-inf)\&apos;&apos;</OUTCOME>
</VARIABLE>
<VARIABLE TYPE="nature">
<NAME>pixel36</NAME>
<OUTCOME>&apos;\&apos;(-inf-0.177451]\&apos;&apos;</OUTCOME>
<OUTCOME>&apos;\&apos;(0.177451-0.455392]\&apos;&apos;</OUTCOME>
<OUTCOME>&apos;\&apos;(0.455392-0.542647]\&apos;&apos;</OUTCOME>
<OUTCOME>&apos;\&apos;(0.542647-inf)\&apos;&apos;</OUTCOME>
</VARIABLE>
<VARIABLE TYPE="nature">
<NAME>pixel37</NAME>
<OUTCOME>&apos;\&apos;(-inf-0.146569]\&apos;&apos;</OUTCOME>
<OUTCOME>&apos;\&apos;(0.146569-0.422059]\&apos;&apos;</OUTCOME>
<OUTCOME>&apos;\&apos;(0.422059-0.578431]\&apos;&apos;</OUTCOME>
<OUTCOME>&apos;\&apos;(0.578431-inf)\&apos;&apos;</OUTCOME>
</VARIABLE>
<VARIABLE TYPE="nature">
<NAME>pixel38</NAME>
<OUTCOME>&apos;\&apos;(-inf-0.156373]\&apos;&apos;</OUTCOME>
<OUTCOME>&apos;\&apos;(0.156373-0.394118]\&apos;&apos;</OUTCOME>
<OUTCOME>&apos;\&apos;(0.394118-0.543627]\&apos;&apos;</OUTCOME>
<OUTCOME>&apos;\&apos;(0.543627-inf)\&apos;&apos;</OUTCOME>
</VARIABLE>
<VARIABLE TYPE="nature">
<NAME>pixel39</NAME>
<OUTCOME>&apos;\&apos;(-inf-0.163235]\&apos;&apos;</OUTCOME>
<OUTCOME>&apos;\&apos;(0.163235-0.362255]\&apos;&apos;</OUTCOME>
<OUTCOME>&apos;\&apos;(0.362255-0.479902]\&apos;&apos;</OUTCOME>
<OUTCOME>&apos;\&apos;(0.479902-0.711765]\&apos;&apos;</OUTCOME>
<OUTCOME>&apos;\&apos;(0.711765-inf)\&apos;&apos;</OUTCOME>
</VARIABLE>
<VARIABLE TYPE="nature">
<NAME>pixel40</NAME>
<OUTCOME>&apos;\&apos;(-inf-0.115686]\&apos;&apos;</OUTCOME>
<OUTCOME>&apos;\&apos;(0.115686-0.337255]\&apos;&apos;</OUTCOME>
<OUTCOME>&apos;\&apos;(0.337255-inf)\&apos;&apos;</OUTCOME>
</VARIABLE>
<VARIABLE TYPE="nature">
<NAME>pixel41</NAME>
<OUTCOME>&apos;\&apos;(-inf-0.030882]\&apos;&apos;</OUTCOME>
<OUTCOME>&apos;\&apos;(0.030882-0.286275]\&apos;&apos;</OUTCOME>
<OUTCOME>&apos;\&apos;(0.286275-0.971078]\&apos;&apos;</OUTCOME>
<OUTCOME>&apos;\&apos;(0.971078-inf)\&apos;&apos;</OUTCOME>
</VARIABLE>
<VARIABLE TYPE="nature">
<NAME>pixel42</NAME>
<OUTCOME>&apos;\&apos;(-inf-0.434314]\&apos;&apos;</OUTCOME>
<OUTCOME>&apos;\&apos;(0.434314-0.981373]\&apos;&apos;</OUTCOME>
<OUTCOME>&apos;\&apos;(0.981373-inf)\&apos;&apos;</OUTCOME>
</VARIABLE>
<VARIABLE TYPE="nature">
<NAME>pixel43</NAME>
<OUTCOME>&apos;\&apos;(-inf-0.00049]\&apos;&apos;</OUTCOME>
<OUTCOME>&apos;\&apos;(0.00049-0.187255]\&apos;&apos;</OUTCOME>
<OUTCOME>&apos;\&apos;(0.187255-0.604902]\&apos;&apos;</OUTCOME>
<OUTCOME>&apos;\&apos;(0.604902-0.971569]\&apos;&apos;</OUTCOME>
<OUTCOME>&apos;\&apos;(0.971569-inf)\&apos;&apos;</OUTCOME>
</VARIABLE>
<VARIABLE TYPE="nature">
<NAME>pixel44</NAME>
<OUTCOME>&apos;\&apos;(-inf-0.155882]\&apos;&apos;</OUTCOME>
<OUTCOME>&apos;\&apos;(0.155882-0.512255]\&apos;&apos;</OUTCOME>
<OUTCOME>&apos;\&apos;(0.512255-0.962255]\&apos;&apos;</OUTCOME>
<OUTCOME>&apos;\&apos;(0.962255-inf)\&apos;&apos;</OUTCOME>
</VARIABLE>
<VARIABLE TYPE="nature">
<NAME>pixel45</NAME>
<OUTCOME>&apos;\&apos;(-inf-0.122059]\&apos;&apos;</OUTCOME>
<OUTCOME>&apos;\&apos;(0.122059-0.523529]\&apos;&apos;</OUTCOME>
<OUTCOME>&apos;\&apos;(0.523529-0.978922]\&apos;&apos;</OUTCOME>
<OUTCOME>&apos;\&apos;(0.978922-inf)\&apos;&apos;</OUTCOME>
</VARIABLE>
<VARIABLE TYPE="nature">
<NAME>pixel46</NAME>
<OUTCOME>&apos;\&apos;(-inf-0.093137]\&apos;&apos;</OUTCOME>
<OUTCOME>&apos;\&apos;(0.093137-0.542157]\&apos;&apos;</OUTCOME>
<OUTCOME>&apos;\&apos;(0.542157-inf)\&apos;&apos;</OUTCOME>
</VARIABLE>
<VARIABLE TYPE="nature">
<NAME>pixel47</NAME>
<OUTCOME>&apos;\&apos;(-inf-0.089216]\&apos;&apos;</OUTCOME>
<OUTCOME>&apos;\&apos;(0.089216-0.429412]\&apos;&apos;</OUTCOME>
<OUTCOME>&apos;\&apos;(0.429412-inf)\&apos;&apos;</OUTCOME>
</VARIABLE>
<VARIABLE TYPE="nature">
<NAME>pixel48</NAME>
<OUTCOME>&apos;\&apos;(-inf-0.10098]\&apos;&apos;</OUTCOME>
<OUTCOME>&apos;\&apos;(0.10098-0.535784]\&apos;&apos;</OUTCOME>
<OUTCOME>&apos;\&apos;(0.535784-inf)\&apos;&apos;</OUTCOME>
</VARIABLE>
<VARIABLE TYPE="nature">
<NAME>pixel49</NAME>
<OUTCOME>&apos;\&apos;(-inf-0.103431]\&apos;&apos;</OUTCOME>
<OUTCOME>&apos;\&apos;(0.103431-0.461765]\&apos;&apos;</OUTCOME>
<OUTCOME>&apos;\&apos;(0.461765-0.775]\&apos;&apos;</OUTCOME>
<OUTCOME>&apos;\&apos;(0.775-inf)\&apos;&apos;</OUTCOME>
</VARIABLE>
<VARIABLE TYPE="nature">
<NAME>pixel50</NAME>
<OUTCOME>&apos;\&apos;(-inf-0.326471]\&apos;&apos;</OUTCOME>
<OUTCOME>&apos;\&apos;(0.326471-0.578922]\&apos;&apos;</OUTCOME>
<OUTCOME>&apos;\&apos;(0.578922-0.631863]\&apos;&apos;</OUTCOME>
<OUTCOME>&apos;\&apos;(0.631863-0.77549]\&apos;&apos;</OUTCOME>
<OUTCOME>&apos;\&apos;(0.77549-inf)\&apos;&apos;</OUTCOME>
</VARIABLE>
<VARIABLE TYPE="nature">
<NAME>pixel51</NAME>
<OUTCOME>&apos;\&apos;(-inf-0.430882]\&apos;&apos;</OUTCOME>
<OUTCOME>&apos;\&apos;(0.430882-0.614706]\&apos;&apos;</OUTCOME>
<OUTCOME>&apos;\&apos;(0.614706-0.745098]\&apos;&apos;</OUTCOME>
<OUTCOME>&apos;\&apos;(0.745098-inf)\&apos;&apos;</OUTCOME>
</VARIABLE>
<VARIABLE TYPE="nature">
<NAME>pixel52</NAME>
<OUTCOME>&apos;\&apos;(-inf-0.465686]\&apos;&apos;</OUTCOME>
<OUTCOME>&apos;\&apos;(0.465686-0.638725]\&apos;&apos;</OUTCOME>
<OUTCOME>&apos;\&apos;(0.638725-0.772059]\&apos;&apos;</OUTCOME>
<OUTCOME>&apos;\&apos;(0.772059-inf)\&apos;&apos;</OUTCOME>
</VARIABLE>
<VARIABLE TYPE="nature">
<NAME>pixel53</NAME>
<OUTCOME>&apos;\&apos;(-inf-0.459804]\&apos;&apos;</OUTCOME>
<OUTCOME>&apos;\&apos;(0.459804-0.684804]\&apos;&apos;</OUTCOME>
<OUTCOME>&apos;\&apos;(0.684804-0.79902]\&apos;&apos;</OUTCOME>
<OUTCOME>&apos;\&apos;(0.79902-inf)\&apos;&apos;</OUTCOME>
</VARIABLE>
<VARIABLE TYPE="nature">
<NAME>pixel54</NAME>
<OUTCOME>&apos;\&apos;(-inf-0.385294]\&apos;&apos;</OUTCOME>
<OUTCOME>&apos;\&apos;(0.385294-0.57598]\&apos;&apos;</OUTCOME>
<OUTCOME>&apos;\&apos;(0.57598-0.768137]\&apos;&apos;</OUTCOME>
<OUTCOME>&apos;\&apos;(0.768137-inf)\&apos;&apos;</OUTCOME>
</VARIABLE>
<VARIABLE TYPE="nature">
<NAME>pixel55</NAME>
<OUTCOME>&apos;\&apos;(-inf-0.34951]\&apos;&apos;</OUTCOME>
<OUTCOME>&apos;\&apos;(0.34951-0.573529]\&apos;&apos;</OUTCOME>
<OUTCOME>&apos;\&apos;(0.573529-0.763235]\&apos;&apos;</OUTCOME>
<OUTCOME>&apos;\&apos;(0.763235-inf)\&apos;&apos;</OUTCOME>
</VARIABLE>
<VARIABLE TYPE="nature">
<NAME>pixel56</NAME>
<OUTCOME>&apos;\&apos;(-inf-0.427451]\&apos;&apos;</OUTCOME>
<OUTCOME>&apos;\&apos;(0.427451-0.610784]\&apos;&apos;</OUTCOME>
<OUTCOME>&apos;\&apos;(0.610784-0.780392]\&apos;&apos;</OUTCOME>
<OUTCOME>&apos;\&apos;(0.780392-inf)\&apos;&apos;</OUTCOME>
</VARIABLE>
<VARIABLE TYPE="nature">
<NAME>pixel57</NAME>
<OUTCOME>&apos;\&apos;(-inf-0.455882]\&apos;&apos;</OUTCOME>
<OUTCOME>&apos;\&apos;(0.455882-0.577941]\&apos;&apos;</OUTCOME>
<OUTCOME>&apos;\&apos;(0.577941-0.741667]\&apos;&apos;</OUTCOME>
<OUTCOME>&apos;\&apos;(0.741667-inf)\&apos;&apos;</OUTCOME>
</VARIABLE>
<VARIABLE TYPE="nature">
<NAME>pixel58</NAME>
<OUTCOME>&apos;\&apos;(-inf-0.414706]\&apos;&apos;</OUTCOME>
<OUTCOME>&apos;\&apos;(0.414706-0.620098]\&apos;&apos;</OUTCOME>
<OUTCOME>&apos;\&apos;(0.620098-0.767157]\&apos;&apos;</OUTCOME>
<OUTCOME>&apos;\&apos;(0.767157-inf)\&apos;&apos;</OUTCOME>
</VARIABLE>
<VARIABLE TYPE="nature">
<NAME>pixel59</NAME>
<OUTCOME>&apos;\&apos;(-inf-0.45]\&apos;&apos;</OUTCOME>
<OUTCOME>&apos;\&apos;(0.45-0.614216]\&apos;&apos;</OUTCOME>
<OUTCOME>&apos;\&apos;(0.614216-0.765686]\&apos;&apos;</OUTCOME>
<OUTCOME>&apos;\&apos;(0.765686-inf)\&apos;&apos;</OUTCOME>
</VARIABLE>
<VARIABLE TYPE="nature">
<NAME>pixel60</NAME>
<OUTCOME>&apos;\&apos;(-inf-0.242157]\&apos;&apos;</OUTCOME>
<OUTCOME>&apos;\&apos;(0.242157-0.481863]\&apos;&apos;</OUTCOME>
<OUTCOME>&apos;\&apos;(0.481863-0.67549]\&apos;&apos;</OUTCOME>
<OUTCOME>&apos;\&apos;(0.67549-0.822059]\&apos;&apos;</OUTCOME>
<OUTCOME>&apos;\&apos;(0.822059-inf)\&apos;&apos;</OUTCOME>
</VARIABLE>
<VARIABLE TYPE="nature">
<NAME>pixel61</NAME>
<OUTCOME>&apos;\&apos;(-inf-0.24951]\&apos;&apos;</OUTCOME>
<OUTCOME>&apos;\&apos;(0.24951-0.485294]\&apos;&apos;</OUTCOME>
<OUTCOME>&apos;\&apos;(0.485294-0.652941]\&apos;&apos;</OUTCOME>
<OUTCOME>&apos;\&apos;(0.652941-0.775]\&apos;&apos;</OUTCOME>
<OUTCOME>&apos;\&apos;(0.775-inf)\&apos;&apos;</OUTCOME>
</VARIABLE>
<VARIABLE TYPE="nature">
<NAME>pixel62</NAME>
<OUTCOME>&apos;\&apos;(-inf-0.448039]\&apos;&apos;</OUTCOME>
<OUTCOME>&apos;\&apos;(0.448039-0.685294]\&apos;&apos;</OUTCOME>
<OUTCOME>&apos;\&apos;(0.685294-0.789216]\&apos;&apos;</OUTCOME>
<OUTCOME>&apos;\&apos;(0.789216-inf)\&apos;&apos;</OUTCOME>
</VARIABLE>
<VARIABLE TYPE="nature">
<NAME>pixel63</NAME>
<OUTCOME>&apos;\&apos;(-inf-0.428922]\&apos;&apos;</OUTCOME>
<OUTCOME>&apos;\&apos;(0.428922-0.598039]\&apos;&apos;</OUTCOME>
<OUTCOME>&apos;\&apos;(0.598039-0.75]\&apos;&apos;</OUTCOME>
<OUTCOME>&apos;\&apos;(0.75-inf)\&apos;&apos;</OUTCOME>
</VARIABLE>
<VARIABLE TYPE="nature">
<NAME>pixel64</NAME>
<OUTCOME>&apos;\&apos;(-inf-0.385294]\&apos;&apos;</OUTCOME>
<OUTCOME>&apos;\&apos;(0.385294-0.57598]\&apos;&apos;</OUTCOME>
<OUTCOME>&apos;\&apos;(0.57598-0.768137]\&apos;&apos;</OUTCOME>
<OUTCOME>&apos;\&apos;(0.768137-inf)\&apos;&apos;</OUTCOME>
</VARIABLE>
<VARIABLE TYPE="nature">
<NAME>pixel65</NAME>
<OUTCOME>&apos;\&apos;(-inf-0.347059]\&apos;&apos;</OUTCOME>
<OUTCOME>&apos;\&apos;(0.347059-0.642157]\&apos;&apos;</OUTCOME>
<OUTCOME>&apos;\&apos;(0.642157-0.79902]\&apos;&apos;</OUTCOME>
<OUTCOME>&apos;\&apos;(0.79902-inf)\&apos;&apos;</OUTCOME>
</VARIABLE>
<VARIABLE TYPE="nature">
<NAME>pixel66</NAME>
<OUTCOME>&apos;\&apos;(-inf-0.455882]\&apos;&apos;</OUTCOME>
<OUTCOME>&apos;\&apos;(0.455882-0.577941]\&apos;&apos;</OUTCOME>
<OUTCOME>&apos;\&apos;(0.577941-0.741667]\&apos;&apos;</OUTCOME>
<OUTCOME>&apos;\&apos;(0.741667-inf)\&apos;&apos;</OUTCOME>
</VARIABLE>
<VARIABLE TYPE="nature">
<NAME>pixel67</NAME>
<OUTCOME>&apos;\&apos;(-inf-0.358824]\&apos;&apos;</OUTCOME>
<OUTCOME>&apos;\&apos;(0.358824-0.635294]\&apos;&apos;</OUTCOME>
<OUTCOME>&apos;\&apos;(0.635294-0.725]\&apos;&apos;</OUTCOME>
<OUTCOME>&apos;\&apos;(0.725-inf)\&apos;&apos;</OUTCOME>
</VARIABLE>
<VARIABLE TYPE="nature">
<NAME>pixel68</NAME>
<OUTCOME>&apos;\&apos;(-inf-0.42598]\&apos;&apos;</OUTCOME>
<OUTCOME>&apos;\&apos;(0.42598-0.648039]\&apos;&apos;</OUTCOME>
<OUTCOME>&apos;\&apos;(0.648039-0.786275]\&apos;&apos;</OUTCOME>
<OUTCOME>&apos;\&apos;(0.786275-inf)\&apos;&apos;</OUTCOME>
</VARIABLE>
<VARIABLE TYPE="nature">
<NAME>pixel69</NAME>
<OUTCOME>&apos;\&apos;(-inf-0.188235]\&apos;&apos;</OUTCOME>
<OUTCOME>&apos;\&apos;(0.188235-0.429412]\&apos;&apos;</OUTCOME>
<OUTCOME>&apos;\&apos;(0.429412-0.602941]\&apos;&apos;</OUTCOME>
<OUTCOME>&apos;\&apos;(0.602941-0.716176]\&apos;&apos;</OUTCOME>
<OUTCOME>&apos;\&apos;(0.716176-0.793627]\&apos;&apos;</OUTCOME>
<OUTCOME>&apos;\&apos;(0.793627-inf)\&apos;&apos;</OUTCOME>
</VARIABLE>
<DEFINITION>
<FOR>emotion</FOR>
<TABLE>
0.13789680812161526 0.01495812074459749 0.14266808295749386 0.25080537029620215 0.17185296115067825 0.1699374858516029 0.11188117087781009 
</TABLE>
</DEFINITION>
<DEFINITION>
<FOR>pixel0</FOR>
<GIVEN>emotion</GIVEN>
<TABLE>
0.2942438778086342 0.41996970462004546 0.17508204998737692 0.11070436758394345 
0.22389791183294663 0.4651972157772622 0.18213457076566125 0.12877030162412992 
0.19802342606149342 0.4017813567593948 0.22022938018545632 0.17996583699365545 
0.23219491878384008 0.44766069693183397 0.18832430931556296 0.13182007496876302 
0.22234602917341978 0.3842179902755267 0.19540113452188007 0.19803484602917343 
0.28528989961073553 0.4078057775046097 0.17383732841630814 0.13306699446834666 
0.08696328562538892 0.317517112632234 0.2584007467330429 0.33711885500933414 
</TABLE>
</DEFINITION>
<DEFINITION>
<FOR>pixel1</FOR>
<GIVEN>emotion</GIVEN>
<GIVEN>pixel0</GIVEN>
<TABLE>
0.2334047109207709 0.4406852248394004 0.13576017130620985 0.1297644539614561 0.06038543897216274 
0.07595316721705193 0.29930951666166317 0.2566796757730411 0.2848994296007205 0.08315821074752326 
0.052480230050323505 0.1833213515456506 0.1746944644140906 0.3601725377426312 0.2293314162473041 
0.05561861520998865 0.1191827468785471 0.11237230419977298 0.25539160045402953 0.45743473325766176 
0.1065989847715736 0.583756345177665 0.14720812182741116 0.116751269035533 0.04568527918781726 
0.012345679012345678 0.24444444444444444 0.28888888888888886 0.33827160493827163 0.11604938271604938 
0.043478260869565216 0.19254658385093168 0.13043478260869565 0.36645962732919257 0.2670807453416149 
0.02608695652173913 0.06086956521739131 0.11304347826086956 0.1826086956521739 0.6173913043478261 
0.16902274124154887 0.3988936693300553 0.1628764597418562 0.15918869084204057 0.11001843884449908 
0.06642402183803457 0.24173491052471943 0.24355474673946012 0.31938125568698816 0.1289050652107977 
0.027086788280818133 0.12216694306246545 0.14427860696517414 0.44499723604201213 0.2614704256495301 
0.03989181879648411 0.10074374577417174 0.08181203515889114 0.2657200811359026 0.5118323191345504 
0.19856673633920574 0.5091071961779635 0.12988951925948045 0.1113765303075545 0.05106001791579576 
0.04261583759491709 0.3169068650240198 0.24469239113590577 0.30017046335037967 0.09561444289477762 
0.01950680898049319 0.13139492086860508 0.14685314685314685 0.46853146853146854 0.23371365476628633 
0.01839201261166579 0.09196006305832895 0.06883867577509196 0.3042564372044141 0.5165528113504992 
0.21691678035470668 0.4461118690313779 0.12232833105957254 0.13142337426102774 0.08321964529331514 
0.06031077166183829 0.27890439820911245 0.23465894126942322 0.30313405319989467 0.12299183565973136 
0.02638385928608381 0.1536471805483704 0.10191412312467667 0.4454216244180031 0.272633212622866 
0.030117406840224605 0.07299642674834099 0.0709545686574783 0.26901480347115875 0.5569167942827974 
0.2111868053065615 0.447830763714593 0.12585155969881678 0.1444962352097526 0.07063463607027609 
0.0740276035131744 0.32496863237139273 0.23262233375156838 0.27176913425345045 0.09661229611041405 
0.0582010582010582 0.18988830099941212 0.17225161669606115 0.37095825984714875 0.2087007642563198 
0.04834996162701458 0.12663085188027629 0.09286262471220261 0.24328472755180353 0.488871834228703 
0.16873889875666073 0.2753108348134991 0.14031971580817051 0.23623445825932504 0.17939609236234458 
0.02982885085574572 0.19706601466992665 0.2156479217603912 0.3613691931540342 0.1960880195599022 
0.021021021021021023 0.1111111111111111 0.12192192192192192 0.39579579579579577 0.35015015015015016 
0.01427913403961308 0.10363887609396591 0.07968678028558268 0.2418240442192538 0.5605711653615846 
</TABLE>
</DEFINITION>
<DEFINITION>
<FOR>pixel2</FOR>
<GIVEN>emotion</GIVEN>
<GIVEN>pixel0</GIVEN>
<TABLE>
0.2779443254817987 0.4132762312633833 0.28650963597430407 0.014989293361884369 0.007280513918629551 
0.011708195737015911 0.0849594716301411 0.7081957370159111 0.14800360252176523 0.047132993095166616 
0.002156721782890007 0.01653486700215672 0.35442127965492454 0.38317757009345793 0.2437095614665708 
0.00340522133938706 0.0056753688989784334 0.11010215664018161 0.22814982973893302 0.6526674233825198 
0.15736040609137056 0.41116751269035534 0.4010152284263959 0.025380710659898477 0.005076142131979695 
0.012345679012345678 0.10617283950617284 0.6691358024691358 0.15555555555555556 0.056790123456790124 
0.006211180124223602 0.018633540372670808 0.2546583850931677 0.32919254658385094 0.391304347826087 
0.008695652173913044 0.008695652173913044 0.11304347826086956 0.25217391304347825 0.6173913043478261 
0.21819299323909036 0.44437615242778117 0.30424093423478793 0.0215119852489244 0.011677934849416103 
0.00940248710949348 0.10100090991810737 0.6924476797088263 0.1392174704276615 0.05793145283591143 
0.007186290768380321 0.017136539524599224 0.2736318407960199 0.46379215035931454 0.238253178551686 
0.002028397565922921 0.004732927653820149 0.07505070993914807 0.17106152805949967 0.7471264367816092 
0.1436249626754255 0.44759629740220963 0.3830994326664676 0.01761719916392953 0.008062108091967751 
0.0020145668681233533 0.06121183945451728 0.7281884394855106 0.16534944986827832 0.043235704323570434 
3.68052999631947E-4 0.005520794994479205 0.27346337872653664 0.45454545454545453 0.26610231873389767 
5.254860746190226E-4 0.004729374671571204 0.06568575932737783 0.1907514450867052 0.7383079348397268 
0.21691678035470668 0.4897680763983629 0.2760345611641655 0.007730786721236926 0.009549795361527967 
0.010797998419805109 0.10244930208058994 0.7282064787990519 0.13510666315512246 0.023439557545430603 
0.0036213140196585617 0.01189860320744956 0.3098810139679255 0.446456285566477 0.22814278323848938 
0.0015313935681470138 0.005615109749872384 0.08014293006636039 0.18529862174578868 0.7274119448698315 
0.23485120114736466 0.4428110433847257 0.29939046253137325 0.014700609537468627 0.008246683399067766 
0.015809284818067756 0.11718946047678795 0.6903387703889586 0.1382685069008783 0.0383939774153074 
0.0029394473838918285 0.018224573780129337 0.28159905937683716 0.45443856554967665 0.24279835390946503 
0.0023023791250959325 0.003837298541826554 0.07290867229470453 0.17114351496546432 0.7498081350729087 
0.20781527531083482 0.4991119005328597 0.2824156305506217 0.008880994671403197 0.0017761989342806395 
0.017114914425427872 0.09242053789731051 0.6899755501222494 0.15403422982885084 0.04645476772616137 
0.0018018018018018018 0.013813813813813814 0.26966966966966965 0.4954954954954955 0.21921921921921922 
4.6061722708429296E-4 0.0032243205895900505 0.05481345002303086 0.16075541225241824 0.7807461999078765 
</TABLE>
</DEFINITION>
<DEFINITION>
<FOR>pixel3</FOR>
<GIVEN>emotion</GIVEN>
<GIVEN>pixel0</GIVEN>
<TABLE>
0.8084832904884319 0.16666666666666666 0.020137103684661525 0.004712939160239932 
0.13783783783783785 0.675975975975976 0.17747747747747747 0.008708708708708709 
0.029496402877697843 0.17338129496402876 0.6726618705035972 0.12446043165467625 
0.007954545454545454 0.060227272727272727 0.25113636363636366 0.6806818181818182 
0.8316326530612245 0.15816326530612246 0.00510204081632653 0.00510204081632653 
0.07673267326732673 0.6905940594059405 0.22524752475247525 0.007425742574257425 
0.05625 0.10625 0.59375 0.24375 
0.043859649122807015 0.043859649122807015 0.2894736842105263 0.6228070175438597 
0.7693726937269373 0.1998769987699877 0.027675276752767528 0.003075030750307503 
0.11862864077669903 0.6914441747572816 0.17141990291262135 0.018507281553398057 
0.009402654867256638 0.1863938053097345 0.6764380530973452 0.1277654867256637 
0.0033829499323410014 0.03450608930987822 0.2861975642760487 0.6759133964817321 
0.7589605734767025 0.22192353643966548 0.016427718040621268 0.002688172043010753 
0.13623682579045257 0.689863608183509 0.16165530068195907 0.012244265344079356 
0.023932253313696614 0.23895434462444773 0.6388070692194403 0.09830633284241531 
0.008937960042060988 0.052050473186119876 0.33385909568874866 0.6051524710830705 
0.7939035486806187 0.19335759781619655 0.012283894449499545 4.5495905368516835E-4 
0.09773445732349842 0.7057428872497366 0.18993677555321392 0.006585879873551107 
0.013975155279503106 0.12991718426501034 0.7593167701863354 0.09679089026915114 
0.002553626149131767 0.02502553626149132 0.20275791624106232 0.7696629213483146 
0.7973457675753228 0.18615494978479197 0.011119081779053085 0.005380200860832138 
0.13428714859437751 0.6900100401606426 0.15938755020080322 0.01631526104417671 
0.017058823529411765 0.1864705882352941 0.678235294117647 0.11823529411764706 
0.0069124423963133645 0.04685099846390169 0.23886328725038403 0.7073732718894009 
0.7775800711743772 0.20106761565836298 0.012455516014234875 0.008896797153024912 
0.08268101761252446 0.6863992172211351 0.21771037181996086 0.013209393346379647 
0.0078125 0.12920673076923078 0.7710336538461539 0.09194711538461539 
0.004147465437788019 0.02534562211981567 0.21705069124423962 0.7534562211981567 
</TABLE>
</DEFINITION>
<DEFINITION>
<FOR>pixel4</FOR>
<GIVEN>emotion</GIVEN>
<GIVEN>pixel0</GIVEN>
<TABLE>
0.6079691516709511 0.37146529562982006 0.010711225364181662 0.00985432733504713 
0.03153153153153153 0.7870870870870871 0.14084084084084084 0.04054054054054054 
0.01079136690647482 0.2251798561151079 0.5014388489208633 0.26258992805755393 
0.010227272727272727 0.03977272727272727 0.12613636363636363 0.8238636363636364 
0.5357142857142857 0.4336734693877551 0.025510204081632654 0.00510204081632653 
0.027227722772277228 0.7599009900990099 0.15594059405940594 0.05693069306930693 
0.01875 0.29375 0.34375 0.34375 
0.008771929824561403 0.043859649122807015 0.07894736842105263 0.868421052631579 
0.559040590405904 0.4237392373923739 0.014145141451414513 0.003075030750307503 
0.03853155339805825 0.7733616504854369 0.15139563106796117 0.03671116504854369 
0.007190265486725664 0.1786504424778761 0.5027654867256637 0.31139380530973454 
0.0033829499323410014 0.03450608930987822 0.09133964817320704 0.8707713125845737 
0.5295698924731183 0.4489247311827957 0.017025089605734768 0.004480286738351254 
0.03642281463112213 0.7410105393676379 0.17994420334779912 0.04262244265344079 
0.006995581737849779 0.19403534609720177 0.49374079528718706 0.30522827687776144 
0.0057833859095688745 0.03838065194532071 0.1309148264984227 0.8249211356466877 
0.6355777979981801 0.3507734303912648 0.009554140127388535 0.004094631483166515 
0.038198103266596416 0.8163856691253951 0.12355110642781876 0.021865121180189673 
0.0036231884057971015 0.17236024844720496 0.5760869565217391 0.24792960662525879 
0.0056179775280898875 0.027068437180796732 0.08018386108273749 0.8871297242083759 
0.6402439024390244 0.3475609756097561 0.007532281205164993 0.004662840746054519 
0.046937751004016065 0.8185240963855421 0.1086847389558233 0.025853413654618473 
0.006470588235294118 0.22411764705882353 0.5005882352941177 0.2688235294117647 
0.0038402457757296467 0.042242703533026116 0.09907834101382489 0.8548387096774194 
0.5355871886120996 0.45729537366548045 0.0017793594306049821 0.005338078291814947 
0.02592954990215264 0.7411937377690803 0.1834637964774951 0.04941291585127201 
0.0030048076923076925 0.14603365384615385 0.5198317307692307 0.3311298076923077 
4.608294930875576E-4 0.012442396313364055 0.09078341013824885 0.8963133640552995 
</TABLE>
</DEFINITION>
<DEFINITION>
<FOR>pixel5</FOR>
<GIVEN>emotion</GIVEN>
<GIVEN>pixel1</GIVEN>
<TABLE>
0.28152173913043477 0.5032608695652174 0.17717391304347826 0.03804347826086957 
0.10352053646269908 0.5251466890192791 0.298826487845767 0.07250628667225482 
0.0416116248348745 0.34015852047556144 0.5092470277410832 0.10898282694848084 
0.029828109201213347 0.20171890798786654 0.48887765419615775 0.27957532861476236 
0.02543859649122807 0.1570175438596491 0.29736842105263156 0.5201754385964912 
0.08333333333333333 0.6944444444444444 0.08333333333333333 0.1388888888888889 
0.04365079365079365 0.623015873015873 0.26587301587301587 0.06746031746031746 
0.016666666666666666 0.2833333333333333 0.6055555555555555 0.09444444444444444 
0.0125 0.1625 0.5291666666666667 0.29583333333333334 
0.0058823529411764705 0.1588235294117647 0.3235294117647059 0.5117647058823529 
0.15780730897009967 0.5465116279069767 0.24086378737541528 0.054817275747508304 
0.05671806167400881 0.5225770925110133 0.3397577092511013 0.08094713656387666 
0.02689655172413793 0.30137931034482757 0.5206896551724138 0.1510344827586207 
0.017928286852589643 0.19800796812749005 0.49760956175298804 0.2864541832669323 
0.019083969465648856 0.1183206106870229 0.29171210468920394 0.5708833151581243 
0.17412451361867703 0.5963035019455253 0.18385214007782102 0.04571984435797665 
0.043204110228865014 0.5224194301728164 0.38276506305464736 0.05161139654367118 
0.025550314465408806 0.30542452830188677 0.5483490566037735 0.12067610062893082 
0.0122537241710716 0.16122056703507928 0.5427679000480539 0.2837578087457953 
0.008728179551122194 0.0968412302576891 0.32128013300083125 0.5731504571903574 
0.21200980392156862 0.5870098039215687 0.1556372549019608 0.04534313725490196 
0.03669354838709677 0.6076612903225806 0.2931451612903226 0.0625 
0.03943850267379679 0.35093582887700536 0.5127005347593583 0.09692513368983957 
0.018033946251768036 0.19413012729844414 0.5442008486562943 0.24363507779349364 
0.010141093474426807 0.09126984126984126 0.33201058201058203 0.5665784832451499 
0.26673040152963673 0.4980879541108987 0.1711281070745698 0.06405353728489484 
0.06233509234828496 0.5596965699208444 0.3070580474934037 0.07091029023746702 
0.04196217494089834 0.37174940898345155 0.47458628841607564 0.11170212765957446 
0.031635168447000823 0.22226787181594085 0.5082169268693508 0.23788003286770748 
0.022236340533672173 0.150571791613723 0.3170266836086404 0.5101651842439644 
0.15765765765765766 0.5 0.26576576576576577 0.07657657657657657 
0.0506198347107438 0.42665289256198347 0.4018595041322314 0.12086776859504132 
0.0234375 0.21986607142857142 0.5792410714285714 0.17745535714285715 
0.022859922178988325 0.17363813229571984 0.5413424124513618 0.26215953307393 
0.01259774109470026 0.07515204170286707 0.3045178105994787 0.6077324066029539 
</TABLE>
</DEFINITION>
<DEFINITION>
<FOR>pixel6</FOR>
<GIVEN>emotion</GIVEN>
<GIVEN>pixel1</GIVEN>
<TABLE>
0.8184782608695652 0.15760869565217392 0.01847826086956522 0.005434782608695652 
0.23260687342833195 0.7011735121542331 0.057418273260687346 0.008801341156747695 
0.028401585204755615 0.7140026420079261 0.2239101717305152 0.03368560105680317 
0.007583417593528817 0.2441860465116279 0.589989888776542 0.15824064711830133 
8.771929824561404E-4 0.05350877192982456 0.2026315789473684 0.7429824561403509 
0.8611111111111112 0.08333333333333333 0.027777777777777776 0.027777777777777776 
0.19444444444444445 0.7658730158730159 0.027777777777777776 0.011904761904761904 
0.027777777777777776 0.7055555555555556 0.21666666666666667 0.05 
0.004166666666666667 0.17083333333333334 0.6208333333333333 0.20416666666666666 
0.01764705882352941 0.01764705882352941 0.2647058823529412 0.7 
0.8089700996677741 0.16777408637873753 0.02159468438538206 0.0016611295681063123 
0.22742290748898678 0.7120044052863436 0.05341409691629956 0.007158590308370044 
0.017241379310344827 0.7358620689655172 0.21172413793103448 0.03517241379310345 
0.007569721115537849 0.22350597609561754 0.5932270916334661 0.17569721115537848 
0.003816793893129771 0.0321701199563795 0.18484187568157034 0.7791712104689203 
0.7266536964980544 0.25778210116731515 0.010700389105058366 0.0048638132295719845 
0.18799626342830453 0.7344698738907053 0.06562354040168146 0.011910322279308735 
0.015330188679245283 0.7071540880503144 0.2543238993710692 0.023191823899371068 
0.0064872657376261415 0.23137914464199905 0.5687169629985583 0.19341662662181644 
0.0020781379883624274 0.042809642560266 0.17248545303408147 0.7826267664172901 
0.8566176470588235 0.13112745098039216 0.00857843137254902 0.003676470588235294 
0.2254032258064516 0.7375 0.032661290322580645 0.004435483870967742 
0.011363636363636364 0.7881016042780749 0.1731283422459893 0.027406417112299464 
0.004596888260254597 0.24151343705799153 0.6283592644978784 0.12553041018387553 
0.0030864197530864196 0.01895943562610229 0.1609347442680776 0.8170194003527337 
0.8862332695984704 0.10803059273422562 0.0028680688336520078 0.0028680688336520078 
0.23977572559366755 0.7094327176781002 0.042546174142480214 0.008245382585751979 
0.030141843971631204 0.75 0.18735224586288415 0.03250591016548463 
0.012736236647493838 0.2559572719802794 0.5912078882497945 0.14009860312243222 
0.0019059720457433292 0.0349428208386277 0.19758576874205844 0.7655654383735705 
0.8603603603603603 0.12162162162162163 0.013513513513513514 0.0045045045045045045 
0.20351239669421486 0.7489669421487604 0.038223140495867766 0.009297520661157025 
0.014508928571428572 0.6462053571428571 0.3091517857142857 0.030133928571428572 
0.0024319066147859923 0.17363813229571984 0.6415369649805448 0.1823929961089494 
0.002172024326672459 0.009122502172024326 0.12206776715899217 0.8666377063423111 
</TABLE>
</DEFINITION>
<DEFINITION>
<FOR>pixel7</FOR>
<GIVEN>emotion</GIVEN>
<GIVEN>pixel2</GIVEN>
<TABLE>
0.5107913669064749 0.3985611510791367 0.06474820143884892 0.015827338129496403 0.010071942446043165 
0.07752545027407988 0.7321848081440877 0.15740015661707127 0.022709475332811275 0.010180109631949883 
0.00911854103343465 0.21193699917104172 0.6347057198121028 0.1218568665377176 0.02238187344570323 
7.91765637371338E-4 0.010292953285827395 0.384006334125099 0.5106888361045131 0.09422011084718923 
9.182736455463728E-4 0.01928374655647383 0.06336088154269973 0.29660238751147844 0.6198347107438017 
