<?xml version="1.0"?>
<!-- DTD for the XMLBIF 0.3 format -->
<!DOCTYPE BIF [
	<!ELEMENT BIF ( NETWORK )*>
	      <!ATTLIST BIF VERSION CDATA #REQUIRED>
	<!ELEMENT NETWORK ( NAME, ( PROPERTY | VARIABLE | DEFINITION )* )>
	<!ELEMENT NAME (#PCDATA)>
	<!ELEMENT VARIABLE ( NAME, ( OUTCOME |  PROPERTY )* ) >
	      <!ATTLIST VARIABLE TYPE (nature|decision|utility) "nature">
	<!ELEMENT OUTCOME (#PCDATA)>
	<!ELEMENT DEFINITION ( FOR | GIVEN | TABLE | PROPERTY )* >
	<!ELEMENT FOR (#PCDATA)>
	<!ELEMENT GIVEN (#PCDATA)>
	<!ELEMENT TABLE (#PCDATA)>
	<!ELEMENT PROPERTY (#PCDATA)>
]>


<BIF VERSION="0.3">
<NETWORK>
<NAME>faces-weka.filters.supervised.attribute.Discretize-Rfirst-last-precision6-weka.filters.unsupervised.attribute.ReplaceMissingValues</NAME>
<VARIABLE TYPE="nature">
<NAME>emotion</NAME>
<OUTCOME>angry</OUTCOME>
<OUTCOME>disgust</OUTCOME>
<OUTCOME>fear</OUTCOME>
<OUTCOME>happy</OUTCOME>
<OUTCOME>neutral</OUTCOME>
<OUTCOME>sad</OUTCOME>
<OUTCOME>surprise</OUTCOME>
</VARIABLE>
<VARIABLE TYPE="nature">
<NAME>pixel0</NAME>
<OUTCOME>&apos;\&apos;(-inf-0.448039]\&apos;&apos;</OUTCOME>
<OUTCOME>&apos;\&apos;(0.448039-0.685294]\&apos;&apos;</OUTCOME>
<OUTCOME>&apos;\&apos;(0.685294-0.789216]\&apos;&apos;</OUTCOME>
<OUTCOME>&apos;\&apos;(0.789216-inf)\&apos;&apos;</OUTCOME>
</VARIABLE>
<VARIABLE TYPE="nature">
<NAME>pixel1</NAME>
<OUTCOME>&apos;\&apos;(-inf-0.288725]\&apos;&apos;</OUTCOME>
<OUTCOME>&apos;\&apos;(0.288725-0.52451]\&apos;&apos;</OUTCOME>
<OUTCOME>&apos;\&apos;(0.52451-0.620098]\&apos;&apos;</OUTCOME>
<OUTCOME>&apos;\&apos;(0.620098-0.764216]\&apos;&apos;</OUTCOME>
<OUTCOME>&apos;\&apos;(0.764216-inf)\&apos;&apos;</OUTCOME>
</VARIABLE>
<VARIABLE TYPE="nature">
<NAME>pixel2</NAME>
<OUTCOME>&apos;\&apos;(-inf-0.230882]\&apos;&apos;</OUTCOME>
<OUTCOME>&apos;\&apos;(0.230882-0.40098]\&apos;&apos;</OUTCOME>
<OUTCOME>&apos;\&apos;(0.40098-0.661765]\&apos;&apos;</OUTCOME>
<OUTCOME>&apos;\&apos;(0.661765-0.757353]\&apos;&apos;</OUTCOME>
<OUTCOME>&apos;\&apos;(0.757353-inf)\&apos;&apos;</OUTCOME>
</VARIABLE>
<VARIABLE TYPE="nature">
<NAME>pixel3</NAME>
<OUTCOME>&apos;\&apos;(-inf-0.42598]\&apos;&apos;</OUTCOME>
<OUTCOME>&apos;\&apos;(0.42598-0.648039]\&apos;&apos;</OUTCOME>
<OUTCOME>&apos;\&apos;(0.648039-0.786275]\&apos;&apos;</OUTCOME>
<OUTCOME>&apos;\&apos;(0.786275-inf)\&apos;&apos;</OUTCOME>
</VARIABLE>
<VARIABLE TYPE="nature">
<NAME>pixel4</NAME>
<OUTCOME>&apos;\&apos;(-inf-0.408824]\&apos;&apos;</OUTCOME>
<OUTCOME>&apos;\&apos;(0.408824-0.696569]\&apos;&apos;</OUTCOME>
<OUTCOME>&apos;\&apos;(0.696569-0.783333]\&apos;&apos;</OUTCOME>
<OUTCOME>&apos;\&apos;(0.783333-inf)\&apos;&apos;</OUTCOME>
</VARIABLE>
<VARIABLE TYPE="nature">
<NAME>pixel5</NAME>
<OUTCOME>&apos;\&apos;(-inf-0.179412]\&apos;&apos;</OUTCOME>
<OUTCOME>&apos;\&apos;(0.179412-0.473529]\&apos;&apos;</OUTCOME>
<OUTCOME>&apos;\&apos;(0.473529-0.70049]\&apos;&apos;</OUTCOME>
<OUTCOME>&apos;\&apos;(0.70049-inf)\&apos;&apos;</OUTCOME>
</VARIABLE>
<VARIABLE TYPE="nature">
<NAME>pixel6</NAME>
<OUTCOME>&apos;\&apos;(-inf-0.378431]\&apos;&apos;</OUTCOME>
<OUTCOME>&apos;\&apos;(0.378431-0.656863]\&apos;&apos;</OUTCOME>
<OUTCOME>&apos;\&apos;(0.656863-0.779412]\&apos;&apos;</OUTCOME>
<OUTCOME>&apos;\&apos;(0.779412-inf)\&apos;&apos;</OUTCOME>
</VARIABLE>
<VARIABLE TYPE="nature">
<NAME>pixel7</NAME>
<OUTCOME>&apos;\&apos;(-inf-0.230392]\&apos;&apos;</OUTCOME>
<OUTCOME>&apos;\&apos;(0.230392-0.482353]\&apos;&apos;</OUTCOME>
<OUTCOME>&apos;\&apos;(0.482353-0.684314]\&apos;&apos;</OUTCOME>
<OUTCOME>&apos;\&apos;(0.684314-0.794608]\&apos;&apos;</OUTCOME>
<OUTCOME>&apos;\&apos;(0.794608-inf)\&apos;&apos;</OUTCOME>
</VARIABLE>
<VARIABLE TYPE="nature">
<NAME>pixel8</NAME>
<OUTCOME>&apos;\&apos;(-inf-0.47402]\&apos;&apos;</OUTCOME>
<OUTCOME>&apos;\&apos;(0.47402-0.7]\&apos;&apos;</OUTCOME>
<OUTCOME>&apos;\&apos;(0.7-0.796078]\&apos;&apos;</OUTCOME>
<OUTCOME>&apos;\&apos;(0.796078-inf)\&apos;&apos;</OUTCOME>
</VARIABLE>
<VARIABLE TYPE="nature">
<NAME>pixel9</NAME>
<OUTCOME>&apos;\&apos;(-inf-0.293137]\&apos;&apos;</OUTCOME>
<OUTCOME>&apos;\&apos;(0.293137-0.631863]\&apos;&apos;</OUTCOME>
<OUTCOME>&apos;\&apos;(0.631863-inf)\&apos;&apos;</OUTCOME>
</VARIABLE>
<VARIABLE TYPE="nature">
<NAME>pixel10</NAME>
<OUTCOME>&apos;\&apos;(-inf-0.170588]\&apos;&apos;</OUTCOME>
<OUTCOME>&apos;\&apos;(0.170588-0.601471]\&apos;&apos;</OUTCOME>
<OUTCOME>&apos;\&apos;(0.601471-inf)\&apos;&apos;</OUTCOME>
</VARIABLE>
<VARIABLE TYPE="nature">
<NAME>pixel11</NAME>
<OUTCOME>&apos;\&apos;(-inf-0.107353]\&apos;&apos;</OUTCOME>
<OUTCOME>&apos;\&apos;(0.107353-0.492157]\&apos;&apos;</OUTCOME>
<OUTCOME>&apos;\&apos;(0.492157-0.663235]\&apos;&apos;</OUTCOME>
<OUTCOME>&apos;\&apos;(0.663235-inf)\&apos;&apos;</OUTCOME>
</VARIABLE>
<VARIABLE TYPE="nature">
<NAME>pixel12</NAME>
<OUTCOME>&apos;\&apos;(-inf-0.505392]\&apos;&apos;</OUTCOME>
<OUTCOME>&apos;\&apos;(0.505392-inf)\&apos;&apos;</OUTCOME>
</VARIABLE>
<VARIABLE TYPE="nature">
<NAME>pixel13</NAME>
<OUTCOME>&apos;\&apos;(-inf-0.108824]\&apos;&apos;</OUTCOME>
<OUTCOME>&apos;\&apos;(0.108824-0.564706]\&apos;&apos;</OUTCOME>
<OUTCOME>&apos;\&apos;(0.564706-inf)\&apos;&apos;</OUTCOME>
</VARIABLE>
<VARIABLE TYPE="nature">
<NAME>pixel14</NAME>
<OUTCOME>&apos;\&apos;(-inf-0.152451]\&apos;&apos;</OUTCOME>
<OUTCOME>&apos;\&apos;(0.152451-0.585294]\&apos;&apos;</OUTCOME>
<OUTCOME>&apos;\&apos;(0.585294-inf)\&apos;&apos;</OUTCOME>
</VARIABLE>
<VARIABLE TYPE="nature">
<NAME>pixel15</NAME>
<OUTCOME>&apos;\&apos;(-inf-0.197059]\&apos;&apos;</OUTCOME>
<OUTCOME>&apos;\&apos;(0.197059-0.584314]\&apos;&apos;</OUTCOME>
<OUTCOME>&apos;\&apos;(0.584314-0.704902]\&apos;&apos;</OUTCOME>
<OUTCOME>&apos;\&apos;(0.704902-inf)\&apos;&apos;</OUTCOME>
</VARIABLE>
<VARIABLE TYPE="nature">
<NAME>pixel16</NAME>
<OUTCOME>&apos;\&apos;(-inf-0.318627]\&apos;&apos;</OUTCOME>
<OUTCOME>&apos;\&apos;(0.318627-0.589216]\&apos;&apos;</OUTCOME>
<OUTCOME>&apos;\&apos;(0.589216-0.706863]\&apos;&apos;</OUTCOME>
<OUTCOME>&apos;\&apos;(0.706863-inf)\&apos;&apos;</OUTCOME>
</VARIABLE>
<VARIABLE TYPE="nature">
<NAME>pixel17</NAME>
<OUTCOME>&apos;\&apos;(-inf-0.530392]\&apos;&apos;</OUTCOME>
<OUTCOME>&apos;\&apos;(0.530392-0.65049]\&apos;&apos;</OUTCOME>
<OUTCOME>&apos;\&apos;(0.65049-inf)\&apos;&apos;</OUTCOME>
</VARIABLE>
<VARIABLE TYPE="nature">
<NAME>pixel18</NAME>
<OUTCOME>&apos;\&apos;(-inf-0.567157]\&apos;&apos;</OUTCOME>
<OUTCOME>&apos;\&apos;(0.567157-0.716667]\&apos;&apos;</OUTCOME>
<OUTCOME>&apos;\&apos;(0.716667-inf)\&apos;&apos;</OUTCOME>
</VARIABLE>
<VARIABLE TYPE="nature">
<NAME>pixel19</NAME>
<OUTCOME>&apos;\&apos;(-inf-0.159314]\&apos;&apos;</OUTCOME>
<OUTCOME>&apos;\&apos;(0.159314-0.548529]\&apos;&apos;</OUTCOME>
<OUTCOME>&apos;\&apos;(0.548529-inf)\&apos;&apos;</OUTCOME>
</VARIABLE>
<VARIABLE TYPE="nature">
<NAME>pixel20</NAME>
<OUTCOME>&apos;\&apos;(-inf-0.017157]\&apos;&apos;</OUTCOME>
<OUTCOME>&apos;\&apos;(0.017157-0.733824]\&apos;&apos;</OUTCOME>
<OUTCOME>&apos;\&apos;(0.733824-0.972059]\&apos;&apos;</OUTCOME>
<OUTCOME>&apos;\&apos;(0.972059-inf)\&apos;&apos;</OUTCOME>
</VARIABLE>
<VARIABLE TYPE="nature">
<NAME>pixel21</NAME>
<OUTCOME>&apos;\&apos;(-inf-0.027941]\&apos;&apos;</OUTCOME>
<OUTCOME>&apos;\&apos;(0.027941-0.677941]\&apos;&apos;</OUTCOME>
<OUTCOME>&apos;\&apos;(0.677941-0.986765]\&apos;&apos;</OUTCOME>
<OUTCOME>&apos;\&apos;(0.986765-inf)\&apos;&apos;</OUTCOME>
</VARIABLE>
<VARIABLE TYPE="nature">
<NAME>pixel22</NAME>
<OUTCOME>&apos;\&apos;(-inf-0.606863]\&apos;&apos;</OUTCOME>
<OUTCOME>&apos;\&apos;(0.606863-0.976961]\&apos;&apos;</OUTCOME>
<OUTCOME>&apos;\&apos;(0.976961-inf)\&apos;&apos;</OUTCOME>
</VARIABLE>
<VARIABLE TYPE="nature">
<NAME>pixel23</NAME>
<OUTCOME>&apos;\&apos;(-inf-0.584314]\&apos;&apos;</OUTCOME>
<OUTCOME>&apos;\&apos;(0.584314-0.957353]\&apos;&apos;</OUTCOME>
<OUTCOME>&apos;\&apos;(0.957353-inf)\&apos;&apos;</OUTCOME>
</VARIABLE>
<VARIABLE TYPE="nature">
<NAME>pixel24</NAME>
<OUTCOME>&apos;\&apos;(-inf-0.585294]\&apos;&apos;</OUTCOME>
<OUTCOME>&apos;\&apos;(0.585294-0.985784]\&apos;&apos;</OUTCOME>
<OUTCOME>&apos;\&apos;(0.985784-inf)\&apos;&apos;</OUTCOME>
</VARIABLE>
<VARIABLE TYPE="nature">
<NAME>pixel25</NAME>
<OUTCOME>&apos;\&apos;(-inf-0.026961]\&apos;&apos;</OUTCOME>
<OUTCOME>&apos;\&apos;(0.026961-0.305392]\&apos;&apos;</OUTCOME>
<OUTCOME>&apos;\&apos;(0.305392-0.661765]\&apos;&apos;</OUTCOME>
<OUTCOME>&apos;\&apos;(0.661765-0.957353]\&apos;&apos;</OUTCOME>
<OUTCOME>&apos;\&apos;(0.957353-inf)\&apos;&apos;</OUTCOME>
</VARIABLE>
<VARIABLE TYPE="nature">
<NAME>pixel26</NAME>
<OUTCOME>&apos;\&apos;(-inf-0.630882]\&apos;&apos;</OUTCOME>
<OUTCOME>&apos;\&apos;(0.630882-0.970588]\&apos;&apos;</OUTCOME>
<OUTCOME>&apos;\&apos;(0.970588-inf)\&apos;&apos;</OUTCOME>
</VARIABLE>
<VARIABLE TYPE="nature">
<NAME>pixel27</NAME>
<OUTCOME>&apos;\&apos;(-inf-0.568137]\&apos;&apos;</OUTCOME>
<OUTCOME>&apos;\&apos;(0.568137-0.794608]\&apos;&apos;</OUTCOME>
<OUTCOME>&apos;\&apos;(0.794608-0.990686]\&apos;&apos;</OUTCOME>
<OUTCOME>&apos;\&apos;(0.990686-inf)\&apos;&apos;</OUTCOME>
</VARIABLE>
<VARIABLE TYPE="nature">
<NAME>pixel28</NAME>
<OUTCOME>&apos;\&apos;(-inf-0.553922]\&apos;&apos;</OUTCOME>
<OUTCOME>&apos;\&apos;(0.553922-0.74902]\&apos;&apos;</OUTCOME>
<OUTCOME>&apos;\&apos;(0.74902-0.983333]\&apos;&apos;</OUTCOME>
<OUTCOME>&apos;\&apos;(0.983333-inf)\&apos;&apos;</OUTCOME>
</VARIABLE>
<VARIABLE TYPE="nature">
<NAME>pixel29</NAME>
<OUTCOME>&apos;\&apos;(-inf-0.012255]\&apos;&apos;</OUTCOME>
<OUTCOME>&apos;\&apos;(0.012255-0.687255]\&apos;&apos;</OUTCOME>
<OUTCOME>&apos;\&apos;(0.687255-0.967647]\&apos;&apos;</OUTCOME>
<OUTCOME>&apos;\&apos;(0.967647-inf)\&apos;&apos;</OUTCOME>
</VARIABLE>
<VARIABLE TYPE="nature">
<NAME>pixel30</NAME>
<OUTCOME>&apos;\&apos;(-inf-0.133333]\&apos;&apos;</OUTCOME>
<OUTCOME>&apos;\&apos;(0.133333-0.215196]\&apos;&apos;</OUTCOME>
<OUTCOME>&apos;\&apos;(0.215196-0.420588]\&apos;&apos;</OUTCOME>
<OUTCOME>&apos;\&apos;(0.420588-0.621078]\&apos;&apos;</OUTCOME>
<OUTCOME>&apos;\&apos;(0.621078-inf)\&apos;&apos;</OUTCOME>
</VARIABLE>
<VARIABLE TYPE="nature">
<NAME>pixel31</NAME>
<OUTCOME>&apos;\&apos;(-inf-0.160784]\&apos;&apos;</OUTCOME>
<OUTCOME>&apos;\&apos;(0.160784-0.365686]\&apos;&apos;</OUTCOME>
<OUTCOME>&apos;\&apos;(0.365686-0.573529]\&apos;&apos;</OUTCOME>
<OUTCOME>&apos;\&apos;(0.573529-0.734804]\&apos;&apos;</OUTCOME>
<OUTCOME>&apos;\&apos;(0.734804-inf)\&apos;&apos;</OUTCOME>
</VARIABLE>
<VARIABLE TYPE="nature">
<NAME>pixel32</NAME>
<OUTCOME>&apos;\&apos;(-inf-0.194608]\&apos;&apos;</OUTCOME>
<OUTCOME>&apos;\&apos;(0.194608-0.286765]\&apos;&apos;</OUTCOME>
<OUTCOME>&apos;\&apos;(0.286765-0.492157]\&apos;&apos;</OUTCOME>
<OUTCOME>&apos;\&apos;(0.492157-inf)\&apos;&apos;</OUTCOME>
</VARIABLE>
<VARIABLE TYPE="nature">
<NAME>pixel33</NAME>
<OUTCOME>&apos;\&apos;(-inf-0.151961]\&apos;&apos;</OUTCOME>
<OUTCOME>&apos;\&apos;(0.151961-0.27549]\&apos;&apos;</OUTCOME>
<OUTCOME>&apos;\&apos;(0.27549-0.558824]\&apos;&apos;</OUTCOME>
<OUTCOME>&apos;\&apos;(0.558824-inf)\&apos;&apos;</OUTCOME>
</VARIABLE>
<VARIABLE TYPE="nature">
<NAME>pixel34</NAME>
<OUTCOME>&apos;\&apos;(-inf-0.161765]\&apos;&apos;</OUTCOME>
<OUTCOME>&apos;\&apos;(0.161765-0.402451]\&apos;&apos;</OUTCOME>
<OUTCOME>&apos;\&apos;(0.402451-0.571078]\&apos;&apos;</OUTCOME>
<OUTCOME>&apos;\&apos;(0.571078-inf)\&apos;&apos;</OUTCOME>
</VARIABLE>
<VARIABLE TYPE="nature">
<NAME>pixel35</NAME>
<OUTCOME>&apos;\&apos;(-inf-0.178922]\&apos;&apos;</OUTCOME>
<OUTCOME>&apos;\&apos;(0.178922-0.280882]\&apos;&apos;</OUTCOME>
<OUTCOME>&apos;\&apos;(0.280882-0.40098]\&apos;&apos;</OUTCOME>
<OUTCOME>&apos;\&apos;(0.40098-0.560294]\&apos;&apos;</OUTCOME>
<OUTCOME>&apos;\&apos;(0.560294-inf)\&apos;&apos;</OUTCOME>
</VARIABLE>
<VARIABLE TYPE="nature">
<NAME>pixel36</NAME>
<OUTCOME>&apos;\&apos;(-inf-0.177451]\&apos;&apos;</OUTCOME>
<OUTCOME>&apos;\&apos;(0.177451-0.455392]\&apos;&apos;</OUTCOME>
<OUTCOME>&apos;\&apos;(0.455392-0.542647]\&apos;&apos;</OUTCOME>
<OUTCOME>&apos;\&apos;(0.542647-inf)\&apos;&apos;</OUTCOME>
</VARIABLE>
<VARIABLE TYPE="nature">
<NAME>pixel37</NAME>
<OUTCOME>&apos;\&apos;(-inf-0.146569]\&apos;&apos;</OUTCOME>
<OUTCOME>&apos;\&apos;(0.146569-0.422059]\&apos;&apos;</OUTCOME>
<OUTCOME>&apos;\&apos;(0.422059-0.578431]\&apos;&apos;</OUTCOME>
<OUTCOME>&apos;\&apos;(0.578431-inf)\&apos;&apos;</OUTCOME>
</VARIABLE>
<VARIABLE TYPE="nature">
<NAME>pixel38</NAME>
<OUTCOME>&apos;\&apos;(-inf-0.156373]\&apos;&apos;</OUTCOME>
<OUTCOME>&apos;\&apos;(0.156373-0.394118]\&apos;&apos;</OUTCOME>
<OUTCOME>&apos;\&apos;(0.394118-0.543627]\&apos;&apos;</OUTCOME>
<OUTCOME>&apos;\&apos;(0.543627-inf)\&apos;&apos;</OUTCOME>
</VARIABLE>
<VARIABLE TYPE="nature">
<NAME>pixel39</NAME>
<OUTCOME>&apos;\&apos;(-inf-0.163235]\&apos;&apos;</OUTCOME>
<OUTCOME>&apos;\&apos;(0.163235-0.362255]\&apos;&apos;</OUTCOME>
<OUTCOME>&apos;\&apos;(0.362255-0.479902]\&apos;&apos;</OUTCOME>
<OUTCOME>&apos;\&apos;(0.479902-0.711765]\&apos;&apos;</OUTCOME>
<OUTCOME>&apos;\&apos;(0.711765-inf)\&apos;&apos;</OUTCOME>
</VARIABLE>
<VARIABLE TYPE="nature">
<NAME>pixel40</NAME>
<OUTCOME>&apos;\&apos;(-inf-0.115686]\&apos;&apos;</OUTCOME>
<OUTCOME>&apos;\&apos;(0.115686-0.337255]\&apos;&apos;</OUTCOME>
<OUTCOME>&apos;\&apos;(0.337255-inf)\&apos;&apos;</OUTCOME>
</VARIABLE>
<VARIABLE TYPE="nature">
<NAME>pixel41</NAME>
<OUTCOME>&apos;\&apos;(-inf-0.030882]\&apos;&apos;</OUTCOME>
<OUTCOME>&apos;\&apos;(0.030882-0.286275]\&apos;&apos;</OUTCOME>
<OUTCOME>&apos;\&apos;(0.286275-0.971078]\&apos;&apos;</OUTCOME>
<OUTCOME>&apos;\&apos;(0.971078-inf)\&apos;&apos;</OUTCOME>
</VARIABLE>
<VARIABLE TYPE="nature">
<NAME>pixel42</NAME>
<OUTCOME>&apos;\&apos;(-inf-0.434314]\&apos;&apos;</OUTCOME>
<OUTCOME>&apos;\&apos;(0.434314-0.981373]\&apos;&apos;</OUTCOME>
<OUTCOME>&apos;\&apos;(0.981373-inf)\&apos;&apos;</OUTCOME>
</VARIABLE>
<VARIABLE TYPE="nature">
<NAME>pixel43</NAME>
<OUTCOME>&apos;\&apos;(-inf-0.00049]\&apos;&apos;</OUTCOME>
<OUTCOME>&apos;\&apos;(0.00049-0.187255]\&apos;&apos;</OUTCOME>
<OUTCOME>&apos;\&apos;(0.187255-0.604902]\&apos;&apos;</OUTCOME>
<OUTCOME>&apos;\&apos;(0.604902-0.971569]\&apos;&apos;</OUTCOME>
<OUTCOME>&apos;\&apos;(0.971569-inf)\&apos;&apos;</OUTCOME>
</VARIABLE>
<VARIABLE TYPE="nature">
<NAME>pixel44</NAME>
<OUTCOME>&apos;\&apos;(-inf-0.155882]\&apos;&apos;</OUTCOME>
<OUTCOME>&apos;\&apos;(0.155882-0.512255]\&apos;&apos;</OUTCOME>
<OUTCOME>&apos;\&apos;(0.512255-0.962255]\&apos;&apos;</OUTCOME>
<OUTCOME>&apos;\&apos;(0.962255-inf)\&apos;&apos;</OUTCOME>
</VARIABLE>
<VARIABLE TYPE="nature">
<NAME>pixel45</NAME>
<OUTCOME>&apos;\&apos;(-inf-0.122059]\&apos;&apos;</OUTCOME>
<OUTCOME>&apos;\&apos;(0.122059-0.523529]\&apos;&apos;</OUTCOME>
<OUTCOME>&apos;\&apos;(0.523529-0.978922]\&apos;&apos;</OUTCOME>
<OUTCOME>&apos;\&apos;(0.978922-inf)\&apos;&apos;</OUTCOME>
</VARIABLE>
<VARIABLE TYPE="nature">
<NAME>pixel46</NAME>
<OUTCOME>&apos;\&apos;(-inf-0.093137]\&apos;&apos;</OUTCOME>
<OUTCOME>&apos;\&apos;(0.093137-0.542157]\&apos;&apos;</OUTCOME>
<OUTCOME>&apos;\&apos;(0.542157-inf)\&apos;&apos;</OUTCOME>
</VARIABLE>
<VARIABLE TYPE="nature">
<NAME>pixel47</NAME>
<OUTCOME>&apos;\&apos;(-inf-0.089216]\&apos;&apos;</OUTCOME>
<OUTCOME>&apos;\&apos;(0.089216-0.429412]\&apos;&apos;</OUTCOME>
<OUTCOME>&apos;\&apos;(0.429412-inf)\&apos;&apos;</OUTCOME>
</VARIABLE>
<VARIABLE TYPE="nature">
<NAME>pixel48</NAME>
<OUTCOME>&apos;\&apos;(-inf-0.10098]\&apos;&apos;</OUTCOME>
<OUTCOME>&apos;\&apos;(0.10098-0.535784]\&apos;&apos;</OUTCOME>
<OUTCOME>&apos;\&apos;(0.535784-inf)\&apos;&apos;</OUTCOME>
</VARIABLE>
<VARIABLE TYPE="nature">
<NAME>pixel49</NAME>
<OUTCOME>&apos;\&apos;(-inf-0.103431]\&apos;&apos;</OUTCOME>
<OUTCOME>&apos;\&apos;(0.103431-0.461765]\&apos;&apos;</OUTCOME>
<OUTCOME>&apos;\&apos;(0.461765-0.775]\&apos;&apos;</OUTCOME>
<OUTCOME>&apos;\&apos;(0.775-inf)\&apos;&apos;</OUTCOME>
</VARIABLE>
<VARIABLE TYPE="nature">
<NAME>pixel50</NAME>
<OUTCOME>&apos;\&apos;(-inf-0.326471]\&apos;&apos;</OUTCOME>
<OUTCOME>&apos;\&apos;(0.326471-0.578922]\&apos;&apos;</OUTCOME>
<OUTCOME>&apos;\&apos;(0.578922-0.631863]\&apos;&apos;</OUTCOME>
<OUTCOME>&apos;\&apos;(0.631863-0.77549]\&apos;&apos;</OUTCOME>
<OUTCOME>&apos;\&apos;(0.77549-inf)\&apos;&apos;</OUTCOME>
</VARIABLE>
<VARIABLE TYPE="nature">
<NAME>pixel51</NAME>
<OUTCOME>&apos;\&apos;(-inf-0.430882]\&apos;&apos;</OUTCOME>
<OUTCOME>&apos;\&apos;(0.430882-0.614706]\&apos;&apos;</OUTCOME>
<OUTCOME>&apos;\&apos;(0.614706-0.745098]\&apos;&apos;</OUTCOME>
<OUTCOME>&apos;\&apos;(0.745098-inf)\&apos;&apos;</OUTCOME>
</VARIABLE>
<VARIABLE TYPE="nature">
<NAME>pixel52</NAME>
<OUTCOME>&apos;\&apos;(-inf-0.465686]\&apos;&apos;</OUTCOME>
<OUTCOME>&apos;\&apos;(0.465686-0.638725]\&apos;&apos;</OUTCOME>
<OUTCOME>&apos;\&apos;(0.638725-0.772059]\&apos;&apos;</OUTCOME>
<OUTCOME>&apos;\&apos;(0.772059-inf)\&apos;&apos;</OUTCOME>
</VARIABLE>
<VARIABLE TYPE="nature">
<NAME>pixel53</NAME>
<OUTCOME>&apos;\&apos;(-inf-0.459804]\&apos;&apos;</OUTCOME>
<OUTCOME>&apos;\&apos;(0.459804-0.684804]\&apos;&apos;</OUTCOME>
<OUTCOME>&apos;\&apos;(0.684804-0.79902]\&apos;&apos;</OUTCOME>
<OUTCOME>&apos;\&apos;(0.79902-inf)\&apos;&apos;</OUTCOME>
</VARIABLE>
<VARIABLE TYPE="nature">
<NAME>pixel54</NAME>
<OUTCOME>&apos;\&apos;(-inf-0.385294]\&apos;&apos;</OUTCOME>
<OUTCOME>&apos;\&apos;(0.385294-0.57598]\&apos;&apos;</OUTCOME>
<OUTCOME>&apos;\&apos;(0.57598-0.768137]\&apos;&apos;</OUTCOME>
<OUTCOME>&apos;\&apos;(0.768137-inf)\&apos;&apos;</OUTCOME>
</VARIABLE>
<VARIABLE TYPE="nature">
<NAME>pixel55</NAME>
<OUTCOME>&apos;\&apos;(-inf-0.34951]\&apos;&apos;</OUTCOME>
<OUTCOME>&apos;\&apos;(0.34951-0.573529]\&apos;&apos;</OUTCOME>
<OUTCOME>&apos;\&apos;(0.573529-0.763235]\&apos;&apos;</OUTCOME>
<OUTCOME>&apos;\&apos;(0.763235-inf)\&apos;&apos;</OUTCOME>
</VARIABLE>
<VARIABLE TYPE="nature">
<NAME>pixel56</NAME>
<OUTCOME>&apos;\&apos;(-inf-0.427451]\&apos;&apos;</OUTCOME>
<OUTCOME>&apos;\&apos;(0.427451-0.610784]\&apos;&apos;</OUTCOME>
<OUTCOME>&apos;\&apos;(0.610784-0.780392]\&apos;&apos;</OUTCOME>
<OUTCOME>&apos;\&apos;(0.780392-inf)\&apos;&apos;</OUTCOME>
</VARIABLE>
<VARIABLE TYPE="nature">
<NAME>pixel57</NAME>
<OUTCOME>&apos;\&apos;(-inf-0.455882]\&apos;&apos;</OUTCOME>
<OUTCOME>&apos;\&apos;(0.455882-0.577941]\&apos;&apos;</OUTCOME>
<OUTCOME>&apos;\&apos;(0.577941-0.741667]\&apos;&apos;</OUTCOME>
<OUTCOME>&apos;\&apos;(0.741667-inf)\&apos;&apos;</OUTCOME>
</VARIABLE>
<VARIABLE TYPE="nature">
<NAME>pixel58</NAME>
<OUTCOME>&apos;\&apos;(-inf-0.414706]\&apos;&apos;</OUTCOME>
<OUTCOME>&apos;\&apos;(0.414706-0.620098]\&apos;&apos;</OUTCOME>
<OUTCOME>&apos;\&apos;(0.620098-0.767157]\&apos;&apos;</OUTCOME>
<OUTCOME>&apos;\&apos;(0.767157-inf)\&apos;&apos;</OUTCOME>
</VARIABLE>
<VARIABLE TYPE="nature">
<NAME>pixel59</NAME>
<OUTCOME>&apos;\&apos;(-inf-0.45]\&apos;&apos;</OUTCOME>
<OUTCOME>&apos;\&apos;(0.45-0.614216]\&apos;&apos;</OUTCOME>
<OUTCOME>&apos;\&apos;(0.614216-0.765686]\&apos;&apos;</OUTCOME>
<OUTCOME>&apos;\&apos;(0.765686-inf)\&apos;&apos;</OUTCOME>
</VARIABLE>
<VARIABLE TYPE="nature">
<NAME>pixel60</NAME>
<OUTCOME>&apos;\&apos;(-inf-0.242157]\&apos;&apos;</OUTCOME>
<OUTCOME>&apos;\&apos;(0.242157-0.481863]\&apos;&apos;</OUTCOME>
<OUTCOME>&apos;\&apos;(0.481863-0.67549]\&apos;&apos;</OUTCOME>
<OUTCOME>&apos;\&apos;(0.67549-0.822059]\&apos;&apos;</OUTCOME>
<OUTCOME>&apos;\&apos;(0.822059-inf)\&apos;&apos;</OUTCOME>
</VARIABLE>
<VARIABLE TYPE="nature">
<NAME>pixel61</NAME>
<OUTCOME>&apos;\&apos;(-inf-0.24951]\&apos;&apos;</OUTCOME>
<OUTCOME>&apos;\&apos;(0.24951-0.485294]\&apos;&apos;</OUTCOME>
<OUTCOME>&apos;\&apos;(0.485294-0.652941]\&apos;&apos;</OUTCOME>
<OUTCOME>&apos;\&apos;(0.652941-0.775]\&apos;&apos;</OUTCOME>
<OUTCOME>&apos;\&apos;(0.775-inf)\&apos;&apos;</OUTCOME>
</VARIABLE>
<VARIABLE TYPE="nature">
<NAME>pixel62</NAME>
<OUTCOME>&apos;\&apos;(-inf-0.448039]\&apos;&apos;</OUTCOME>
<OUTCOME>&apos;\&apos;(0.448039-0.685294]\&apos;&apos;</OUTCOME>
<OUTCOME>&apos;\&apos;(0.685294-0.789216]\&apos;&apos;</OUTCOME>
<OUTCOME>&apos;\&apos;(0.789216-inf)\&apos;&apos;</OUTCOME>
</VARIABLE>
<VARIABLE TYPE="nature">
<NAME>pixel63</NAME>
<OUTCOME>&apos;\&apos;(-inf-0.428922]\&apos;&apos;</OUTCOME>
<OUTCOME>&apos;\&apos;(0.428922-0.598039]\&apos;&apos;</OUTCOME>
<OUTCOME>&apos;\&apos;(0.598039-0.75]\&apos;&apos;</OUTCOME>
<OUTCOME>&apos;\&apos;(0.75-inf)\&apos;&apos;</OUTCOME>
</VARIABLE>
<VARIABLE TYPE="nature">
<NAME>pixel64</NAME>
<OUTCOME>&apos;\&apos;(-inf-0.385294]\&apos;&apos;</OUTCOME>
<OUTCOME>&apos;\&apos;(0.385294-0.57598]\&apos;&apos;</OUTCOME>
<OUTCOME>&apos;\&apos;(0.57598-0.768137]\&apos;&apos;</OUTCOME>
<OUTCOME>&apos;\&apos;(0.768137-inf)\&apos;&apos;</OUTCOME>
</VARIABLE>
<VARIABLE TYPE="nature">
<NAME>pixel65</NAME>
<OUTCOME>&apos;\&apos;(-inf-0.347059]\&apos;&apos;</OUTCOME>
<OUTCOME>&apos;\&apos;(0.347059-0.642157]\&apos;&apos;</OUTCOME>
<OUTCOME>&apos;\&apos;(0.642157-0.79902]\&apos;&apos;</OUTCOME>
<OUTCOME>&apos;\&apos;(0.79902-inf)\&apos;&apos;</OUTCOME>
</VARIABLE>
<VARIABLE TYPE="nature">
<NAME>pixel66</NAME>
<OUTCOME>&apos;\&apos;(-inf-0.455882]\&apos;&apos;</OUTCOME>
<OUTCOME>&apos;\&apos;(0.455882-0.577941]\&apos;&apos;</OUTCOME>
<OUTCOME>&apos;\&apos;(0.577941-0.741667]\&apos;&apos;</OUTCOME>
<OUTCOME>&apos;\&apos;(0.741667-inf)\&apos;&apos;</OUTCOME>
</VARIABLE>
<VARIABLE TYPE="nature">
<NAME>pixel67</NAME>
<OUTCOME>&apos;\&apos;(-inf-0.358824]\&apos;&apos;</OUTCOME>
<OUTCOME>&apos;\&apos;(0.358824-0.635294]\&apos;&apos;</OUTCOME>
<OUTCOME>&apos;\&apos;(0.635294-0.725]\&apos;&apos;</OUTCOME>
<OUTCOME>&apos;\&apos;(0.725-inf)\&apos;&apos;</OUTCOME>
</VARIABLE>
<VARIABLE TYPE="nature">
<NAME>pixel68</NAME>
<OUTCOME>&apos;\&apos;(-inf-0.42598]\&apos;&apos;</OUTCOME>
<OUTCOME>&apos;\&apos;(0.42598-0.648039]\&apos;&apos;</OUTCOME>
<OUTCOME>&apos;\&apos;(0.648039-0.786275]\&apos;&apos;</OUTCOME>
<OUTCOME>&apos;\&apos;(0.786275-inf)\&apos;&apos;</OUTCOME>
</VARIABLE>
<VARIABLE TYPE="nature">
<NAME>pixel69</NAME>
<OUTCOME>&apos;\&apos;(-inf-0.188235]\&apos;&apos;</OUTCOME>
<OUTCOME>&apos;\&apos;(0.188235-0.429412]\&apos;&apos;</OUTCOME>
<OUTCOME>&apos;\&apos;(0.429412-0.602941]\&apos;&apos;</OUTCOME>
<OUTCOME>&apos;\&apos;(0.602941-0.716176]\&apos;&apos;</OUTCOME>
<OUTCOME>&apos;\&apos;(0.716176-0.793627]\&apos;&apos;</OUTCOME>
<OUTCOME>&apos;\&apos;(0.793627-inf)\&apos;&apos;</OUTCOME>
</VARIABLE>
<DEFINITION>
<FOR>emotion</FOR>
<TABLE>
0.13789680812161526 0.01495812074459749 0.14266808295749386 0.25080537029620215 0.17185296115067825 0.1699374858516029 0.11188117087781009 
</TABLE>
</DEFINITION>
<DEFINITION>
<FOR>pixel0</FOR>
<GIVEN>emotion</GIVEN>
<TABLE>
0.2942438778086342 0.41996970462004546 0.17508204998737692 0.11070436758394345 
0.22389791183294663 0.4651972157772622 0.18213457076566125 0.12877030162412992 
0.19802342606149342 0.4017813567593948 0.22022938018545632 0.17996583699365545 
0.23219491878384008 0.44766069693183397 0.18832430931556296 0.13182007496876302 
0.22234602917341978 0.3842179902755267 0.19540113452188007 0.19803484602917343 
0.28528989961073553 0.4078057775046097 0.17383732841630814 0.13306699446834666 
0.08696328562538892 0.317517112632234 0.2584007467330429 0.33711885500933414 
</TABLE>
</DEFINITION>
<DEFINITION>
<FOR>pixel1</FOR>
<GIVEN>emotion</GIVEN>
<TABLE>
0.1157389877571627 0.30076991038747947 0.1907105894231983 0.24927426479868736 0.14350624763347217 
0.038238702201622246 0.2885283893395133 0.20509849362688296 0.2746234067207416 0.19351100811123986 
0.0730755154324753 0.22117847993168233 0.17652799804806638 0.3058436013175552 0.22337440527022082 
0.07114597070868328 0.2970083986950788 0.1763725966544041 0.28867911431942805 0.16679391962240578 
0.08234579155271954 0.25088625544414056 0.15122050035450219 0.2861339005368176 0.22941355211182013 
0.10683191641913346 0.31025299600532624 0.17300010242753253 0.24900133155792276 0.16091365359008503 
0.03406439570695287 0.15010110437081972 0.13890185098771193 0.3193342666044486 0.3575983823300669 
</TABLE>
</DEFINITION>
<DEFINITION>
<FOR>pixel2</FOR>
<GIVEN>emotion</GIVEN>
<TABLE>
0.08721443897513569 0.1606714628297362 0.45626656569481255 0.15890445538306197 0.13694307711725356 
0.04055619930475087 0.14484356894553882 0.4646581691772885 0.17033603707995365 0.17960602549246812 
0.04867634500426986 0.13309747468586067 0.41246797608881297 0.19311943393924608 0.2126387702818104 
0.0342194766432984 0.13292149649475948 0.4752550843340043 0.1888665232178802 0.16873741931005762 
0.05317532664843513 0.15162564570039502 0.4178061379519903 0.17755494783753673 0.19983794186164286 
0.07405510601249615 0.17771176892348664 0.42579125268872275 0.16234763904537539 0.1600942333299191 
0.02379841343910406 0.07730595738061907 0.33208897184632136 0.23191787214185722 0.3348887851920983 
</TABLE>
</DEFINITION>
<DEFINITION>
<FOR>pixel3</FOR>
<GIVEN>emotion</GIVEN>
<TABLE>
0.3018177227972734 0.36998232769502654 0.2260792729108811 0.10212067659681899 
0.23781902552204176 0.38167053364269143 0.2517401392111369 0.12877030162412992 
0.20265983406539775 0.36469009272816005 0.2748901903367496 0.15775988286969253 
0.2428849090656671 0.41225878106344577 0.24052478134110788 0.10433152852977925 
0.2172811993517018 0.3445097244732577 0.26428282009724474 0.1739262560777958 
0.28610940381069455 0.3731817250563409 0.21788567916410573 0.12282319196885884 
0.09723086496577474 0.27738021157436216 0.3427193528313628 0.2826695706285003 
</TABLE>
</DEFINITION>
<DEFINITION>
<FOR>pixel4</FOR>
<GIVEN>emotion</GIVEN>
<TABLE>
0.19502650845746022 0.4838424640242363 0.16397374400403938 0.15715728351426408 
0.1357308584686775 0.511600928074246 0.14965197215777262 0.20301624129930396 
0.12823328452903857 0.4403367496339678 0.19070278184480235 0.2407271839921913 
0.14126058586699985 0.4776482021379981 0.19471053727613494 0.18638067471886713 
0.1577188006482982 0.43081442463533226 0.17797811993517018 0.23348865478119935 
0.20333947961483304 0.4776685105511166 0.14658881376767055 0.17240319606637983 
0.05553827006845053 0.3172059738643435 0.2232420659614188 0.4040136901057872 
</TABLE>
</DEFINITION>
<DEFINITION>
<FOR>pixel5</FOR>
<GIVEN>emotion</GIVEN>
<TABLE>
0.08242867962635698 0.3540772532188841 0.3722544811916183 0.1912395859631406 
0.019721577726218097 0.3422273781902552 0.41415313225058004 0.22389791183294663 
0.03818936066373841 0.29587603709126403 0.40226939970717424 0.26366520253782333 
0.034499514091350825 0.31424406497292795 0.43391642371234207 0.21733999722337916 
0.0398095623987034 0.33053079416531606 0.3959683954619125 0.23369124797406807 
0.06627740217168614 0.3709280885064536 0.37338660110633065 0.1894079082155296 
0.027535780958307405 0.19399502177971376 0.43201617921593033 0.34645301804604856 
</TABLE>
</DEFINITION>
<DEFINITION>
<FOR>pixel6</FOR>
<GIVEN>emotion</GIVEN>
<TABLE>
0.17205251199192123 0.43410754859883866 0.23819742489270387 0.15564251451653624 
0.09860788863109049 0.4211136890951276 0.27494199535962877 0.20533642691415313 
0.11554416788677403 0.37542703757930695 0.2734260614934114 0.23560273304050758 
0.11238372900180481 0.43530473413855336 0.25801749271137026 0.19429404414827156 
0.1307739059967585 0.38867504051863855 0.2517220421393841 0.2288290113452188 
0.17772997336611351 0.43095677115345216 0.22485146486375743 0.1664617906166769 
0.0633167392657125 0.26524579962663347 0.2976042314872433 0.3738332296204107 
</TABLE>
</DEFINITION>
<DEFINITION>
<FOR>pixel7</FOR>
<GIVEN>emotion</GIVEN>
<TABLE>
0.06121418654550044 0.25356556859775337 0.39038243089738733 0.18238041146030545 0.1124574024990534 
0.02433371958285052 0.22363847045191193 0.40903823870220163 0.21205098493626884 0.13093858632676708 
0.04233256069293644 0.1906795168964255 0.36391362693668416 0.2238623886787849 0.17921190679516896 
0.02436315679877837 0.21038384118831124 0.3896022766710627 0.2295411952523079 0.1461095300895398 
0.04365441101995341 0.23184442418717716 0.34609541172895775 0.20976400283601743 0.16864175022789427 
0.05602786028884564 0.26149749052545324 0.3745774864283519 0.1783263341186111 0.1295708286387381 
0.01788769637579717 0.10841499455591849 0.29102504277492613 0.27920360864831234 0.3034686576450459 
</TABLE>
</DEFINITION>
<DEFINITION>
<FOR>pixel8</FOR>
<GIVEN>emotion</GIVEN>
<TABLE>
0.20764958343852563 0.39800555415299166 0.20462004544306994 0.18972481696541277 
0.12180974477958237 0.3863109048723898 0.228538283062645 0.2633410672853828 
0.17069302098584677 0.3571254270375793 0.2268179599804783 0.24536359199609567 
0.17083159794530056 0.4179508538109121 0.21081493822018604 0.20040261002360127 
0.21930713128038898 0.37104943273906 0.19540113452188007 0.214242301458671 
0.25517312026224137 0.3881376767055931 0.17895922966605204 0.17772997336611351 
0.07949595519601742 0.2982265090230243 0.250622277535781 0.37165525824517737 
</TABLE>
</DEFINITION>
<DEFINITION>
<FOR>pixel9</FOR>
<GIVEN>emotion</GIVEN>
<TABLE>
0.1286453730589572 0.5215250599671759 0.3498295669738669 
0.056910569105691054 0.5470383275261324 0.39605110336817656 
0.07846247712019525 0.45332519829164125 0.46821232458816353 
0.07323845886844846 0.5066990628254079 0.4200624783061437 
0.09715327727687165 0.46975990274541585 0.4330868199777125 
0.11955742239524639 0.5139842229279787 0.3664583546767749 
0.0462112960946009 0.36829002645091025 0.5854986774544889 
</TABLE>
</DEFINITION>
<DEFINITION>
<FOR>pixel10</FOR>
<GIVEN>emotion</GIVEN>
<TABLE>
0.11223330387577327 0.4336573664941295 0.4541093296300972 
0.04994192799070848 0.32171893147502906 0.6283391405342624 
0.10091519219035998 0.42940817571690054 0.46967663209273947 
0.10878167303019785 0.45407844498438044 0.43713988198542175 
0.1607739843987438 0.4772566102725154 0.3619694053287408 
0.13840795000512243 0.4805860055322201 0.3810060444626575 
0.08479850630154037 0.40874435973237905 0.5064571339660806 
</TABLE>
</DEFINITION>
<DEFINITION>
<FOR>pixel11</FOR>
<GIVEN>emotion</GIVEN>
<TABLE>
0.06147437515778844 0.32857864175713203 0.23112850290330725 0.3788184801817723 
0.01740139211136891 0.21925754060324826 0.2679814385150812 0.4953596287703016 
0.047218155197657395 0.31710590531966815 0.22437774524158127 0.4112981942410932 
0.048104956268221574 0.3457587116479245 0.2301124531445231 0.3760238789393308 
0.08093598055105349 0.4105551053484603 0.20330226904376014 0.30520664505672607 
0.07693095677115346 0.3721573448063921 0.23652939971317352 0.31438229870928086 
0.030958307405102675 0.29978220286247664 0.2067517112632234 0.4625077784691973 
</TABLE>
</DEFINITION>
<DEFINITION>
<FOR>pixel12</FOR>
<GIVEN>emotion</GIVEN>
<TABLE>
0.4172979797979798 0.5827020202020202 
0.2616279069767442 0.7383720930232558 
0.3828411032462778 0.6171588967537223 
0.41884198833657316 0.5811580116634268 
0.5151975683890577 0.4848024316109423 
0.4728483606557377 0.5271516393442623 
0.3580765639589169 0.6419234360410832 
</TABLE>
</DEFINITION>
<DEFINITION>
<FOR>pixel13</FOR>
<GIVEN>emotion</GIVEN>
<TABLE>
0.06021966923368262 0.42052771114758236 0.519252619618735 
0.029036004645760744 0.2775842044134727 0.6933797909407665 
0.05137278828553996 0.39694935936546677 0.5516778523489932 
0.04935786185352308 0.42978132592849705 0.5208608122179799 
0.08215986222267248 0.4881977509877419 0.42964238678958566 
0.07611925007683638 0.47054605060956867 0.45333469931359494 
0.03189668585654271 0.3754473315699393 0.5926559825735179 
</TABLE>
</DEFINITION>
<DEFINITION>
<FOR>pixel14</FOR>
<GIVEN>emotion</GIVEN>
<TABLE>
0.10743592980684256 0.44274712788789294 0.4498169423052645 
0.04065040650406504 0.34727061556329847 0.6120789779326364 
0.09042098840756559 0.44161073825503355 0.4679682733374009 
0.1019784796945505 0.4699062825407844 0.42811523776466504 
0.1484145476648769 0.4952892310809442 0.3562962212541789 
0.13082675955332446 0.4805860055322201 0.38858723491445546 
0.08013069861521706 0.428349152014937 0.49152014936984595 
</TABLE>
</DEFINITION>
<DEFINITION>
<FOR>pixel15</FOR>
<GIVEN>emotion</GIVEN>
<TABLE>
0.10085836909871244 0.37730371118404443 0.18921989396617017 0.33261802575107297 
0.0382830626450116 0.27726218097447797 0.2354988399071926 0.44895591647331784 
0.08723767691556857 0.33857979502196195 0.20046364080039045 0.3737188872620791 
0.1012772455921144 0.37699569623767876 0.19304456476468138 0.32868249340552547 
0.14151134521880065 0.41724068071312803 0.16298622366288493 0.27826175040518636 
0.13163286211841835 0.42214710100389263 0.18510551116574472 0.26111452571194427 
0.06300560049782203 0.3184505289359054 0.1799937772246422 0.43855009334163036 
</TABLE>
</DEFINITION>
<DEFINITION>
<FOR>pixel16</FOR>
<GIVEN>emotion</GIVEN>
<TABLE>
0.1771017419843474 0.3139358747790962 0.19830850795253724 0.31065387528401917 
0.07076566125290024 0.23781902552204176 0.24477958236658934 0.4466357308584687 
0.16264031234748658 0.26439726695949245 0.21339677891654465 0.3595656417764763 
0.17499652922393447 0.307857837012356 0.19471053727613494 0.3224350964875746 
0.2401742301458671 0.3116896272285251 0.17250810372771475 0.27562803889789306 
0.22669534931366522 0.3369186642081541 0.1885884040155706 0.24779758246261013 
0.1317672682016179 0.25404480398257623 0.1855942750466708 0.428593652769135 
</TABLE>
</DEFINITION>
<DEFINITION>
<FOR>pixel17</FOR>
<GIVEN>emotion</GIVEN>
<TABLE>
0.4308799394015907 0.17611412700416615 0.39300593359424313 
0.2845528455284553 0.19396051103368175 0.521486643437863 
0.3805979255643685 0.17901159243441123 0.4403904820012203 
0.44269350919819506 0.17542519958347796 0.381881291218327 
0.5220342417181644 0.14800932023097962 0.32995643805085606 
0.5047638561622785 0.16586415326298534 0.3293719905747362 
0.3639334059436751 0.13801151392562627 0.4980550801306986 
</TABLE>
</DEFINITION>
<DEFINITION>
<FOR>pixel18</FOR>
<GIVEN>emotion</GIVEN>
<TABLE>
0.42229516475192524 0.25792197954803686 0.3197828557000379 
0.2590011614401858 0.30313588850174217 0.437862950058072 
0.3642464917632703 0.25149481391092127 0.3842586943258084 
0.4103436306837904 0.2510933703575148 0.3385629989586949 
0.49670752709958466 0.22013980346469456 0.2831526694357208 
0.5096813851039852 0.24065157258477615 0.2496670423112386 
0.3116539598568539 0.23354597790571027 0.4548000622374358 
</TABLE>
</DEFINITION>
<DEFINITION>
<FOR>pixel19</FOR>
<GIVEN>emotion</GIVEN>
<TABLE>
0.10011362201742205 0.39123847998990025 0.5086478979926777 
0.05226480836236934 0.27990708478513354 0.667828106852497 
0.08383160463697377 0.37156802928615007 0.5446003660768761 
0.0948976049982645 0.41950711558486636 0.48559527941686914 
0.13666295208185594 0.4472697801641171 0.41606726775402697 
0.12324556910152648 0.42628829013420755 0.45046614076426594 
0.058036408899953325 0.3751361443908511 0.5668274467091956 
</TABLE>
</DEFINITION>
<DEFINITION>
<FOR>pixel20</FOR>
<GIVEN>emotion</GIVEN>
<TABLE>
0.04102499368846251 0.7373138096440293 0.15337036101994445 0.06829083564756375 
0.02668213457076566 0.7645011600928074 0.12645011600928074 0.08236658932714618 
0.0264763299170327 0.6921669106881405 0.20265983406539775 0.07869692532942898 
0.021032902957101206 0.805289462723865 0.13529085103429125 0.038386783284742466 
0.03271880064829822 0.7942666126418152 0.1346231766612642 0.038391410048622364 
0.039028887523048554 0.7864167178856791 0.144540053267773 0.030014341323499283 
0.01446795270690728 0.6504355942750467 0.22044181705040447 0.11465463596764157 
</TABLE>
</DEFINITION>
<DEFINITION>
<FOR>pixel21</FOR>
<GIVEN>emotion</GIVEN>
<TABLE>
0.05238576117142136 0.6673819742489271 0.2205251199192123 0.05970714466043928 
0.01740139211136891 0.6809744779582366 0.23317865429234338 0.06844547563805105 
0.03526110297706198 0.6348218643240605 0.26366520253782333 0.06625183016105417 
0.030334582812716924 0.7515618492294878 0.18874080244342634 0.02936276551436901 
0.039201782820097245 0.7413897893030794 0.1883103727714749 0.03109805510534846 
0.053779963122311 0.7245441507887728 0.19944683466502766 0.02222905142388855 
0.020068450528935907 0.5891412570006223 0.2976042314872433 0.09318606098319851 
</TABLE>
</DEFINITION>
<DEFINITION>
<FOR>pixel22</FOR>
<GIVEN>emotion</GIVEN>
<TABLE>
0.6858982451710642 0.2619618735008206 0.05213988132811514 
0.6492450638792102 0.3310104529616725 0.019744483159117306 
0.6012202562538133 0.3339841366687004 0.06479560707748627 
0.7277334258937869 0.23984727525164873 0.03241929885456439 
0.7236348900820585 0.2404011751595583 0.035963934758383144 
0.7168322917733839 0.2609363794693167 0.022231328757299457 
0.5752295005445776 0.32845806752761786 0.09631243192780457 
</TABLE>
</DEFINITION>
<DEFINITION>
<FOR>pixel23</FOR>
<GIVEN>emotion</GIVEN>
<TABLE>
0.6404494382022472 0.29832091907587427 0.06122964272187855 
0.5911730545876888 0.3403019744483159 0.06852497096399536 
0.5729103111653447 0.363026235509457 0.06406345332519829 
0.7021867407150295 0.2677542519958348 0.030059007289135718 
0.6938506736906088 0.2740350521730321 0.03211427413635903 
0.6801557217498208 0.2933101116688864 0.0265341665812929 
0.5431772210984908 0.37731445464446867 0.07950832425704062 
</TABLE>
</DEFINITION>
<DEFINITION>
<FOR>pixel24</FOR>
<GIVEN>emotion</GIVEN>
<TABLE>
0.6654462820350966 0.2947860118671885 0.03976770609771493 
0.6190476190476191 0.3333333333333333 0.047619047619047616 
0.6078096400244051 0.350823672971324 0.041366687004270895 
0.7242624088858035 0.25498090940645607 0.02075668170774037 
0.7307263701752609 0.2468848141019147 0.022388815722824435 
0.7047433664583547 0.28060649523614384 0.014650138305501485 
0.5854986774544889 0.3608215341527929 0.05367978839271822 
</TABLE>
</DEFINITION>
<DEFINITION>
<FOR>pixel25</FOR>
<GIVEN>emotion</GIVEN>
<TABLE>
0.03369935630443014 0.31465354032563425 0.37877066767638523 0.21620598258235516 0.05667045311119526 
0.01738122827346466 0.30011587485515645 0.39745075318655854 0.22827346465816917 0.056778679026651215 
0.030376967183115774 0.26216908625106744 0.3848969135049408 0.2633890447724777 0.05916798828839819 
0.02408551398625668 0.36933435135697923 0.39223988339001875 0.18539598806135907 0.028944263205386272 
0.03433606806441811 0.36858097842601034 0.3817482021675276 0.18444241871771497 0.03089233262432898 
0.040458875345692924 0.33176277783468194 0.398340673973164 0.20290894192358905 0.026528730922872067 
0.013532431171255249 0.2801368797635713 0.34795458080572406 0.2813812412505833 0.07699486700886607 
</TABLE>
</DEFINITION>
<DEFINITION>
<FOR>pixel26</FOR>
<GIVEN>emotion</GIVEN>
<TABLE>
0.7192273702815302 0.22383537432142406 0.056937255397045826 
0.6980255516840883 0.27293844367015097 0.029036004645760744 
0.6368517388651617 0.2895668090298963 0.07358145210494203 
0.7524470669906282 0.21110725442554668 0.03644567858382506 
0.7568635396616351 0.2047411609765981 0.03839529936176679 
0.7483864358160025 0.22815285319127138 0.023460710992726154 
0.6144390851096935 0.2827135522016493 0.10284736268865723 
</TABLE>
</DEFINITION>
<DEFINITION>
<FOR>pixel27</FOR>
<GIVEN>emotion</GIVEN>
<TABLE>
0.6701590507447615 0.1712951274930573 0.11474375157788437 0.043802070184296896 
0.6647331786542924 0.22389791183294663 0.09164733178654293 0.019721577726218097 
0.590165934602245 0.2072962420693021 0.14677891654465594 0.055758906783796976 
0.7063029293349993 0.15972511453561017 0.10738581146744412 0.02658614466194641 
0.7087722852512156 0.1615680713128039 0.10200567260940033 0.027653970826580228 
0.6944273714402787 0.19043228846547838 0.09926244622003688 0.015877893874206104 
0.5689172370877411 0.1843497199751089 0.160392034847542 0.08634100808960797 
</TABLE>
</DEFINITION>
<DEFINITION>
<FOR>pixel28</FOR>
<GIVEN>emotion</GIVEN>
<TABLE>
0.6613228982580156 0.154632668518051 0.13140621055289067 0.052638222671042664 
0.6786542923433875 0.18677494199535963 0.10556844547563805 0.029002320185614848 
0.5789409468033186 0.1741093216203026 0.18167398731088336 0.06527574426549536 
0.6951964459253089 0.13862279605719838 0.13195890601138416 0.03422185200610857 
0.6984400324149108 0.1469813614262561 0.11983387358184765 0.03474473257698541 
0.683978692890801 0.169739807416513 0.12651096086867444 0.019770538824011474 
0.5580273802115744 0.15323584318606098 0.1827940261356565 0.10594275046670815 
</TABLE>
</DEFINITION>
<DEFINITION>
<FOR>pixel29</FOR>
<GIVEN>emotion</GIVEN>
<TABLE>
0.03319868720020197 0.6984347387023478 0.19351173945973238 0.07485483463771775 
