<?xml version="1.0"?>
<!-- DTD for the XMLBIF 0.3 format -->
<!DOCTYPE BIF [
	<!ELEMENT BIF ( NETWORK )*>
	      <!ATTLIST BIF VERSION CDATA #REQUIRED>
	<!ELEMENT NETWORK ( NAME, ( PROPERTY | VARIABLE | DEFINITION )* )>
	<!ELEMENT NAME (#PCDATA)>
	<!ELEMENT VARIABLE ( NAME, ( OUTCOME |  PROPERTY )* ) >
	      <!ATTLIST VARIABLE TYPE (nature|decision|utility) "nature">
	<!ELEMENT OUTCOME (#PCDATA)>
	<!ELEMENT DEFINITION ( FOR | GIVEN | TABLE | PROPERTY )* >
	<!ELEMENT FOR (#PCDATA)>
	<!ELEMENT GIVEN (#PCDATA)>
	<!ELEMENT TABLE (#PCDATA)>
	<!ELEMENT PROPERTY (#PCDATA)>
]>


<BIF VERSION="0.3">
<NETWORK>
<NAME>faces-weka.filters.supervised.attribute.Discretize-Rfirst-last-precision6-weka.filters.unsupervised.attribute.ReplaceMissingValues</NAME>
<VARIABLE TYPE="nature">
<NAME>emotion</NAME>
<OUTCOME>angry</OUTCOME>
<OUTCOME>disgust</OUTCOME>
<OUTCOME>fear</OUTCOME>
<OUTCOME>happy</OUTCOME>
<OUTCOME>neutral</OUTCOME>
<OUTCOME>sad</OUTCOME>
<OUTCOME>surprise</OUTCOME>
</VARIABLE>
<VARIABLE TYPE="nature">
<NAME>pixel0</NAME>
<OUTCOME>&apos;\&apos;(-inf-0.448039]\&apos;&apos;</OUTCOME>
<OUTCOME>&apos;\&apos;(0.448039-0.685294]\&apos;&apos;</OUTCOME>
<OUTCOME>&apos;\&apos;(0.685294-0.789216]\&apos;&apos;</OUTCOME>
<OUTCOME>&apos;\&apos;(0.789216-inf)\&apos;&apos;</OUTCOME>
</VARIABLE>
<VARIABLE TYPE="nature">
<NAME>pixel1</NAME>
<OUTCOME>&apos;\&apos;(-inf-0.288725]\&apos;&apos;</OUTCOME>
<OUTCOME>&apos;\&apos;(0.288725-0.52451]\&apos;&apos;</OUTCOME>
<OUTCOME>&apos;\&apos;(0.52451-0.620098]\&apos;&apos;</OUTCOME>
<OUTCOME>&apos;\&apos;(0.620098-0.764216]\&apos;&apos;</OUTCOME>
<OUTCOME>&apos;\&apos;(0.764216-inf)\&apos;&apos;</OUTCOME>
</VARIABLE>
<VARIABLE TYPE="nature">
<NAME>pixel2</NAME>
<OUTCOME>&apos;\&apos;(-inf-0.230882]\&apos;&apos;</OUTCOME>
<OUTCOME>&apos;\&apos;(0.230882-0.40098]\&apos;&apos;</OUTCOME>
<OUTCOME>&apos;\&apos;(0.40098-0.661765]\&apos;&apos;</OUTCOME>
<OUTCOME>&apos;\&apos;(0.661765-0.757353]\&apos;&apos;</OUTCOME>
<OUTCOME>&apos;\&apos;(0.757353-inf)\&apos;&apos;</OUTCOME>
</VARIABLE>
<VARIABLE TYPE="nature">
<NAME>pixel3</NAME>
<OUTCOME>&apos;\&apos;(-inf-0.42598]\&apos;&apos;</OUTCOME>
<OUTCOME>&apos;\&apos;(0.42598-0.648039]\&apos;&apos;</OUTCOME>
<OUTCOME>&apos;\&apos;(0.648039-0.786275]\&apos;&apos;</OUTCOME>
<OUTCOME>&apos;\&apos;(0.786275-inf)\&apos;&apos;</OUTCOME>
</VARIABLE>
<VARIABLE TYPE="nature">
<NAME>pixel4</NAME>
<OUTCOME>&apos;\&apos;(-inf-0.408824]\&apos;&apos;</OUTCOME>
<OUTCOME>&apos;\&apos;(0.408824-0.696569]\&apos;&apos;</OUTCOME>
<OUTCOME>&apos;\&apos;(0.696569-0.783333]\&apos;&apos;</OUTCOME>
<OUTCOME>&apos;\&apos;(0.783333-inf)\&apos;&apos;</OUTCOME>
</VARIABLE>
<VARIABLE TYPE="nature">
<NAME>pixel5</NAME>
<OUTCOME>&apos;\&apos;(-inf-0.179412]\&apos;&apos;</OUTCOME>
<OUTCOME>&apos;\&apos;(0.179412-0.473529]\&apos;&apos;</OUTCOME>
<OUTCOME>&apos;\&apos;(0.473529-0.70049]\&apos;&apos;</OUTCOME>
<OUTCOME>&apos;\&apos;(0.70049-inf)\&apos;&apos;</OUTCOME>
</VARIABLE>
<VARIABLE TYPE="nature">
<NAME>pixel6</NAME>
<OUTCOME>&apos;\&apos;(-inf-0.378431]\&apos;&apos;</OUTCOME>
<OUTCOME>&apos;\&apos;(0.378431-0.656863]\&apos;&apos;</OUTCOME>
<OUTCOME>&apos;\&apos;(0.656863-0.779412]\&apos;&apos;</OUTCOME>
<OUTCOME>&apos;\&apos;(0.779412-inf)\&apos;&apos;</OUTCOME>
</VARIABLE>
<VARIABLE TYPE="nature">
<NAME>pixel7</NAME>
<OUTCOME>&apos;\&apos;(-inf-0.230392]\&apos;&apos;</OUTCOME>
<OUTCOME>&apos;\&apos;(0.230392-0.482353]\&apos;&apos;</OUTCOME>
<OUTCOME>&apos;\&apos;(0.482353-0.684314]\&apos;&apos;</OUTCOME>
<OUTCOME>&apos;\&apos;(0.684314-0.794608]\&apos;&apos;</OUTCOME>
<OUTCOME>&apos;\&apos;(0.794608-inf)\&apos;&apos;</OUTCOME>
</VARIABLE>
<VARIABLE TYPE="nature">
<NAME>pixel8</NAME>
<OUTCOME>&apos;\&apos;(-inf-0.47402]\&apos;&apos;</OUTCOME>
<OUTCOME>&apos;\&apos;(0.47402-0.7]\&apos;&apos;</OUTCOME>
<OUTCOME>&apos;\&apos;(0.7-0.796078]\&apos;&apos;</OUTCOME>
<OUTCOME>&apos;\&apos;(0.796078-inf)\&apos;&apos;</OUTCOME>
</VARIABLE>
<VARIABLE TYPE="nature">
<NAME>pixel9</NAME>
<OUTCOME>&apos;\&apos;(-inf-0.293137]\&apos;&apos;</OUTCOME>
<OUTCOME>&apos;\&apos;(0.293137-0.631863]\&apos;&apos;</OUTCOME>
<OUTCOME>&apos;\&apos;(0.631863-inf)\&apos;&apos;</OUTCOME>
</VARIABLE>
<VARIABLE TYPE="nature">
<NAME>pixel10</NAME>
<OUTCOME>&apos;\&apos;(-inf-0.170588]\&apos;&apos;</OUTCOME>
<OUTCOME>&apos;\&apos;(0.170588-0.601471]\&apos;&apos;</OUTCOME>
<OUTCOME>&apos;\&apos;(0.601471-inf)\&apos;&apos;</OUTCOME>
</VARIABLE>
<VARIABLE TYPE="nature">
<NAME>pixel11</NAME>
<OUTCOME>&apos;\&apos;(-inf-0.107353]\&apos;&apos;</OUTCOME>
<OUTCOME>&apos;\&apos;(0.107353-0.492157]\&apos;&apos;</OUTCOME>
<OUTCOME>&apos;\&apos;(0.492157-0.663235]\&apos;&apos;</OUTCOME>
<OUTCOME>&apos;\&apos;(0.663235-inf)\&apos;&apos;</OUTCOME>
</VARIABLE>
<VARIABLE TYPE="nature">
<NAME>pixel12</NAME>
<OUTCOME>&apos;\&apos;(-inf-0.505392]\&apos;&apos;</OUTCOME>
<OUTCOME>&apos;\&apos;(0.505392-inf)\&apos;&apos;</OUTCOME>
</VARIABLE>
<VARIABLE TYPE="nature">
<NAME>pixel13</NAME>
<OUTCOME>&apos;\&apos;(-inf-0.108824]\&apos;&apos;</OUTCOME>
<OUTCOME>&apos;\&apos;(0.108824-0.564706]\&apos;&apos;</OUTCOME>
<OUTCOME>&apos;\&apos;(0.564706-inf)\&apos;&apos;</OUTCOME>
</VARIABLE>
<VARIABLE TYPE="nature">
<NAME>pixel14</NAME>
<OUTCOME>&apos;\&apos;(-inf-0.152451]\&apos;&apos;</OUTCOME>
<OUTCOME>&apos;\&apos;(0.152451-0.585294]\&apos;&apos;</OUTCOME>
<OUTCOME>&apos;\&apos;(0.585294-inf)\&apos;&apos;</OUTCOME>
</VARIABLE>
<VARIABLE TYPE="nature">
<NAME>pixel15</NAME>
<OUTCOME>&apos;\&apos;(-inf-0.197059]\&apos;&apos;</OUTCOME>
<OUTCOME>&apos;\&apos;(0.197059-0.584314]\&apos;&apos;</OUTCOME>
<OUTCOME>&apos;\&apos;(0.584314-0.704902]\&apos;&apos;</OUTCOME>
<OUTCOME>&apos;\&apos;(0.704902-inf)\&apos;&apos;</OUTCOME>
</VARIABLE>
<VARIABLE TYPE="nature">
<NAME>pixel16</NAME>
<OUTCOME>&apos;\&apos;(-inf-0.318627]\&apos;&apos;</OUTCOME>
<OUTCOME>&apos;\&apos;(0.318627-0.589216]\&apos;&apos;</OUTCOME>
<OUTCOME>&apos;\&apos;(0.589216-0.706863]\&apos;&apos;</OUTCOME>
<OUTCOME>&apos;\&apos;(0.706863-inf)\&apos;&apos;</OUTCOME>
</VARIABLE>
<VARIABLE TYPE="nature">
<NAME>pixel17</NAME>
<OUTCOME>&apos;\&apos;(-inf-0.530392]\&apos;&apos;</OUTCOME>
<OUTCOME>&apos;\&apos;(0.530392-0.65049]\&apos;&apos;</OUTCOME>
<OUTCOME>&apos;\&apos;(0.65049-inf)\&apos;&apos;</OUTCOME>
</VARIABLE>
<VARIABLE TYPE="nature">
<NAME>pixel18</NAME>
<OUTCOME>&apos;\&apos;(-inf-0.567157]\&apos;&apos;</OUTCOME>
<OUTCOME>&apos;\&apos;(0.567157-0.716667]\&apos;&apos;</OUTCOME>
<OUTCOME>&apos;\&apos;(0.716667-inf)\&apos;&apos;</OUTCOME>
</VARIABLE>
<VARIABLE TYPE="nature">
<NAME>pixel19</NAME>
<OUTCOME>&apos;\&apos;(-inf-0.159314]\&apos;&apos;</OUTCOME>
<OUTCOME>&apos;\&apos;(0.159314-0.548529]\&apos;&apos;</OUTCOME>
<OUTCOME>&apos;\&apos;(0.548529-inf)\&apos;&apos;</OUTCOME>
</VARIABLE>
<VARIABLE TYPE="nature">
<NAME>pixel20</NAME>
<OUTCOME>&apos;\&apos;(-inf-0.017157]\&apos;&apos;</OUTCOME>
<OUTCOME>&apos;\&apos;(0.017157-0.733824]\&apos;&apos;</OUTCOME>
<OUTCOME>&apos;\&apos;(0.733824-0.972059]\&apos;&apos;</OUTCOME>
<OUTCOME>&apos;\&apos;(0.972059-inf)\&apos;&apos;</OUTCOME>
</VARIABLE>
<VARIABLE TYPE="nature">
<NAME>pixel21</NAME>
<OUTCOME>&apos;\&apos;(-inf-0.027941]\&apos;&apos;</OUTCOME>
<OUTCOME>&apos;\&apos;(0.027941-0.677941]\&apos;&apos;</OUTCOME>
<OUTCOME>&apos;\&apos;(0.677941-0.986765]\&apos;&apos;</OUTCOME>
<OUTCOME>&apos;\&apos;(0.986765-inf)\&apos;&apos;</OUTCOME>
</VARIABLE>
<VARIABLE TYPE="nature">
<NAME>pixel22</NAME>
<OUTCOME>&apos;\&apos;(-inf-0.606863]\&apos;&apos;</OUTCOME>
<OUTCOME>&apos;\&apos;(0.606863-0.976961]\&apos;&apos;</OUTCOME>
<OUTCOME>&apos;\&apos;(0.976961-inf)\&apos;&apos;</OUTCOME>
</VARIABLE>
<VARIABLE TYPE="nature">
<NAME>pixel23</NAME>
<OUTCOME>&apos;\&apos;(-inf-0.584314]\&apos;&apos;</OUTCOME>
<OUTCOME>&apos;\&apos;(0.584314-0.957353]\&apos;&apos;</OUTCOME>
<OUTCOME>&apos;\&apos;(0.957353-inf)\&apos;&apos;</OUTCOME>
</VARIABLE>
<VARIABLE TYPE="nature">
<NAME>pixel24</NAME>
<OUTCOME>&apos;\&apos;(-inf-0.585294]\&apos;&apos;</OUTCOME>
<OUTCOME>&apos;\&apos;(0.585294-0.985784]\&apos;&apos;</OUTCOME>
<OUTCOME>&apos;\&apos;(0.985784-inf)\&apos;&apos;</OUTCOME>
</VARIABLE>
<VARIABLE TYPE="nature">
<NAME>pixel25</NAME>
<OUTCOME>&apos;\&apos;(-inf-0.026961]\&apos;&apos;</OUTCOME>
<OUTCOME>&apos;\&apos;(0.026961-0.305392]\&apos;&apos;</OUTCOME>
<OUTCOME>&apos;\&apos;(0.305392-0.661765]\&apos;&apos;</OUTCOME>
<OUTCOME>&apos;\&apos;(0.661765-0.957353]\&apos;&apos;</OUTCOME>
<OUTCOME>&apos;\&apos;(0.957353-inf)\&apos;&apos;</OUTCOME>
</VARIABLE>
<VARIABLE TYPE="nature">
<NAME>pixel26</NAME>
<OUTCOME>&apos;\&apos;(-inf-0.630882]\&apos;&apos;</OUTCOME>
<OUTCOME>&apos;\&apos;(0.630882-0.970588]\&apos;&apos;</OUTCOME>
<OUTCOME>&apos;\&apos;(0.970588-inf)\&apos;&apos;</OUTCOME>
</VARIABLE>
<VARIABLE TYPE="nature">
<NAME>pixel27</NAME>
<OUTCOME>&apos;\&apos;(-inf-0.568137]\&apos;&apos;</OUTCOME>
<OUTCOME>&apos;\&apos;(0.568137-0.794608]\&apos;&apos;</OUTCOME>
<OUTCOME>&apos;\&apos;(0.794608-0.990686]\&apos;&apos;</OUTCOME>
<OUTCOME>&apos;\&apos;(0.990686-inf)\&apos;&apos;</OUTCOME>
</VARIABLE>
<VARIABLE TYPE="nature">
<NAME>pixel28</NAME>
<OUTCOME>&apos;\&apos;(-inf-0.553922]\&apos;&apos;</OUTCOME>
<OUTCOME>&apos;\&apos;(0.553922-0.74902]\&apos;&apos;</OUTCOME>
<OUTCOME>&apos;\&apos;(0.74902-0.983333]\&apos;&apos;</OUTCOME>
<OUTCOME>&apos;\&apos;(0.983333-inf)\&apos;&apos;</OUTCOME>
</VARIABLE>
<VARIABLE TYPE="nature">
<NAME>pixel29</NAME>
<OUTCOME>&apos;\&apos;(-inf-0.012255]\&apos;&apos;</OUTCOME>
<OUTCOME>&apos;\&apos;(0.012255-0.687255]\&apos;&apos;</OUTCOME>
<OUTCOME>&apos;\&apos;(0.687255-0.967647]\&apos;&apos;</OUTCOME>
<OUTCOME>&apos;\&apos;(0.967647-inf)\&apos;&apos;</OUTCOME>
</VARIABLE>
<VARIABLE TYPE="nature">
<NAME>pixel30</NAME>
<OUTCOME>&apos;\&apos;(-inf-0.133333]\&apos;&apos;</OUTCOME>
<OUTCOME>&apos;\&apos;(0.133333-0.215196]\&apos;&apos;</OUTCOME>
<OUTCOME>&apos;\&apos;(0.215196-0.420588]\&apos;&apos;</OUTCOME>
<OUTCOME>&apos;\&apos;(0.420588-0.621078]\&apos;&apos;</OUTCOME>
<OUTCOME>&apos;\&apos;(0.621078-inf)\&apos;&apos;</OUTCOME>
</VARIABLE>
<VARIABLE TYPE="nature">
<NAME>pixel31</NAME>
<OUTCOME>&apos;\&apos;(-inf-0.160784]\&apos;&apos;</OUTCOME>
<OUTCOME>&apos;\&apos;(0.160784-0.365686]\&apos;&apos;</OUTCOME>
<OUTCOME>&apos;\&apos;(0.365686-0.573529]\&apos;&apos;</OUTCOME>
<OUTCOME>&apos;\&apos;(0.573529-0.734804]\&apos;&apos;</OUTCOME>
<OUTCOME>&apos;\&apos;(0.734804-inf)\&apos;&apos;</OUTCOME>
</VARIABLE>
<VARIABLE TYPE="nature">
<NAME>pixel32</NAME>
<OUTCOME>&apos;\&apos;(-inf-0.194608]\&apos;&apos;</OUTCOME>
<OUTCOME>&apos;\&apos;(0.194608-0.286765]\&apos;&apos;</OUTCOME>
<OUTCOME>&apos;\&apos;(0.286765-0.492157]\&apos;&apos;</OUTCOME>
<OUTCOME>&apos;\&apos;(0.492157-inf)\&apos;&apos;</OUTCOME>
</VARIABLE>
<VARIABLE TYPE="nature">
<NAME>pixel33</NAME>
<OUTCOME>&apos;\&apos;(-inf-0.151961]\&apos;&apos;</OUTCOME>
<OUTCOME>&apos;\&apos;(0.151961-0.27549]\&apos;&apos;</OUTCOME>
<OUTCOME>&apos;\&apos;(0.27549-0.558824]\&apos;&apos;</OUTCOME>
<OUTCOME>&apos;\&apos;(0.558824-inf)\&apos;&apos;</OUTCOME>
</VARIABLE>
<VARIABLE TYPE="nature">
<NAME>pixel34</NAME>
<OUTCOME>&apos;\&apos;(-inf-0.161765]\&apos;&apos;</OUTCOME>
<OUTCOME>&apos;\&apos;(0.161765-0.402451]\&apos;&apos;</OUTCOME>
<OUTCOME>&apos;\&apos;(0.402451-0.571078]\&apos;&apos;</OUTCOME>
<OUTCOME>&apos;\&apos;(0.571078-inf)\&apos;&apos;</OUTCOME>
</VARIABLE>
<VARIABLE TYPE="nature">
<NAME>pixel35</NAME>
<OUTCOME>&apos;\&apos;(-inf-0.178922]\&apos;&apos;</OUTCOME>
<OUTCOME>&apos;\&apos;(0.178922-0.280882]\&apos;&apos;</OUTCOME>
<OUTCOME>&apos;\&apos;(0.280882-0.40098]\&apos;&apos;</OUTCOME>
<OUTCOME>&apos;\&apos;(0.40098-0.560294]\&apos;&apos;</OUTCOME>
<OUTCOME>&apos;\&apos;(0.560294-inf)\&apos;&apos;</OUTCOME>
</VARIABLE>
<VARIABLE TYPE="nature">
<NAME>pixel36</NAME>
<OUTCOME>&apos;\&apos;(-inf-0.177451]\&apos;&apos;</OUTCOME>
<OUTCOME>&apos;\&apos;(0.177451-0.455392]\&apos;&apos;</OUTCOME>
<OUTCOME>&apos;\&apos;(0.455392-0.542647]\&apos;&apos;</OUTCOME>
<OUTCOME>&apos;\&apos;(0.542647-inf)\&apos;&apos;</OUTCOME>
</VARIABLE>
<VARIABLE TYPE="nature">
<NAME>pixel37</NAME>
<OUTCOME>&apos;\&apos;(-inf-0.146569]\&apos;&apos;</OUTCOME>
<OUTCOME>&apos;\&apos;(0.146569-0.422059]\&apos;&apos;</OUTCOME>
<OUTCOME>&apos;\&apos;(0.422059-0.578431]\&apos;&apos;</OUTCOME>
<OUTCOME>&apos;\&apos;(0.578431-inf)\&apos;&apos;</OUTCOME>
</VARIABLE>
<VARIABLE TYPE="nature">
<NAME>pixel38</NAME>
<OUTCOME>&apos;\&apos;(-inf-0.156373]\&apos;&apos;</OUTCOME>
<OUTCOME>&apos;\&apos;(0.156373-0.394118]\&apos;&apos;</OUTCOME>
<OUTCOME>&apos;\&apos;(0.394118-0.543627]\&apos;&apos;</OUTCOME>
<OUTCOME>&apos;\&apos;(0.543627-inf)\&apos;&apos;</OUTCOME>
</VARIABLE>
<VARIABLE TYPE="nature">
<NAME>pixel39</NAME>
<OUTCOME>&apos;\&apos;(-inf-0.163235]\&apos;&apos;</OUTCOME>
<OUTCOME>&apos;\&apos;(0.163235-0.362255]\&apos;&apos;</OUTCOME>
<OUTCOME>&apos;\&apos;(0.362255-0.479902]\&apos;&apos;</OUTCOME>
<OUTCOME>&apos;\&apos;(0.479902-0.711765]\&apos;&apos;</OUTCOME>
<OUTCOME>&apos;\&apos;(0.711765-inf)\&apos;&apos;</OUTCOME>
</VARIABLE>
<VARIABLE TYPE="nature">
<NAME>pixel40</NAME>
<OUTCOME>&apos;\&apos;(-inf-0.115686]\&apos;&apos;</OUTCOME>
<OUTCOME>&apos;\&apos;(0.115686-0.337255]\&apos;&apos;</OUTCOME>
<OUTCOME>&apos;\&apos;(0.337255-inf)\&apos;&apos;</OUTCOME>
</VARIABLE>
<VARIABLE TYPE="nature">
<NAME>pixel41</NAME>
<OUTCOME>&apos;\&apos;(-inf-0.030882]\&apos;&apos;</OUTCOME>
<OUTCOME>&apos;\&apos;(0.030882-0.286275]\&apos;&apos;</OUTCOME>
<OUTCOME>&apos;\&apos;(0.286275-0.971078]\&apos;&apos;</OUTCOME>
<OUTCOME>&apos;\&apos;(0.971078-inf)\&apos;&apos;</OUTCOME>
</VARIABLE>
<VARIABLE TYPE="nature">
<NAME>pixel42</NAME>
<OUTCOME>&apos;\&apos;(-inf-0.434314]\&apos;&apos;</OUTCOME>
<OUTCOME>&apos;\&apos;(0.434314-0.981373]\&apos;&apos;</OUTCOME>
<OUTCOME>&apos;\&apos;(0.981373-inf)\&apos;&apos;</OUTCOME>
</VARIABLE>
<VARIABLE TYPE="nature">
<NAME>pixel43</NAME>
<OUTCOME>&apos;\&apos;(-inf-0.00049]\&apos;&apos;</OUTCOME>
<OUTCOME>&apos;\&apos;(0.00049-0.187255]\&apos;&apos;</OUTCOME>
<OUTCOME>&apos;\&apos;(0.187255-0.604902]\&apos;&apos;</OUTCOME>
<OUTCOME>&apos;\&apos;(0.604902-0.971569]\&apos;&apos;</OUTCOME>
<OUTCOME>&apos;\&apos;(0.971569-inf)\&apos;&apos;</OUTCOME>
</VARIABLE>
<VARIABLE TYPE="nature">
<NAME>pixel44</NAME>
<OUTCOME>&apos;\&apos;(-inf-0.155882]\&apos;&apos;</OUTCOME>
<OUTCOME>&apos;\&apos;(0.155882-0.512255]\&apos;&apos;</OUTCOME>
<OUTCOME>&apos;\&apos;(0.512255-0.962255]\&apos;&apos;</OUTCOME>
<OUTCOME>&apos;\&apos;(0.962255-inf)\&apos;&apos;</OUTCOME>
</VARIABLE>
<VARIABLE TYPE="nature">
<NAME>pixel45</NAME>
<OUTCOME>&apos;\&apos;(-inf-0.122059]\&apos;&apos;</OUTCOME>
<OUTCOME>&apos;\&apos;(0.122059-0.523529]\&apos;&apos;</OUTCOME>
<OUTCOME>&apos;\&apos;(0.523529-0.978922]\&apos;&apos;</OUTCOME>
<OUTCOME>&apos;\&apos;(0.978922-inf)\&apos;&apos;</OUTCOME>
</VARIABLE>
<VARIABLE TYPE="nature">
<NAME>pixel46</NAME>
<OUTCOME>&apos;\&apos;(-inf-0.093137]\&apos;&apos;</OUTCOME>
<OUTCOME>&apos;\&apos;(0.093137-0.542157]\&apos;&apos;</OUTCOME>
<OUTCOME>&apos;\&apos;(0.542157-inf)\&apos;&apos;</OUTCOME>
</VARIABLE>
<VARIABLE TYPE="nature">
<NAME>pixel47</NAME>
<OUTCOME>&apos;\&apos;(-inf-0.089216]\&apos;&apos;</OUTCOME>
<OUTCOME>&apos;\&apos;(0.089216-0.429412]\&apos;&apos;</OUTCOME>
<OUTCOME>&apos;\&apos;(0.429412-inf)\&apos;&apos;</OUTCOME>
</VARIABLE>
<VARIABLE TYPE="nature">
<NAME>pixel48</NAME>
<OUTCOME>&apos;\&apos;(-inf-0.10098]\&apos;&apos;</OUTCOME>
<OUTCOME>&apos;\&apos;(0.10098-0.535784]\&apos;&apos;</OUTCOME>
<OUTCOME>&apos;\&apos;(0.535784-inf)\&apos;&apos;</OUTCOME>
</VARIABLE>
<VARIABLE TYPE="nature">
<NAME>pixel49</NAME>
<OUTCOME>&apos;\&apos;(-inf-0.103431]\&apos;&apos;</OUTCOME>
<OUTCOME>&apos;\&apos;(0.103431-0.461765]\&apos;&apos;</OUTCOME>
<OUTCOME>&apos;\&apos;(0.461765-0.775]\&apos;&apos;</OUTCOME>
<OUTCOME>&apos;\&apos;(0.775-inf)\&apos;&apos;</OUTCOME>
</VARIABLE>
<VARIABLE TYPE="nature">
<NAME>pixel50</NAME>
<OUTCOME>&apos;\&apos;(-inf-0.326471]\&apos;&apos;</OUTCOME>
<OUTCOME>&apos;\&apos;(0.326471-0.578922]\&apos;&apos;</OUTCOME>
<OUTCOME>&apos;\&apos;(0.578922-0.631863]\&apos;&apos;</OUTCOME>
<OUTCOME>&apos;\&apos;(0.631863-0.77549]\&apos;&apos;</OUTCOME>
<OUTCOME>&apos;\&apos;(0.77549-inf)\&apos;&apos;</OUTCOME>
</VARIABLE>
<VARIABLE TYPE="nature">
<NAME>pixel51</NAME>
<OUTCOME>&apos;\&apos;(-inf-0.430882]\&apos;&apos;</OUTCOME>
<OUTCOME>&apos;\&apos;(0.430882-0.614706]\&apos;&apos;</OUTCOME>
<OUTCOME>&apos;\&apos;(0.614706-0.745098]\&apos;&apos;</OUTCOME>
<OUTCOME>&apos;\&apos;(0.745098-inf)\&apos;&apos;</OUTCOME>
</VARIABLE>
<VARIABLE TYPE="nature">
<NAME>pixel52</NAME>
<OUTCOME>&apos;\&apos;(-inf-0.465686]\&apos;&apos;</OUTCOME>
<OUTCOME>&apos;\&apos;(0.465686-0.638725]\&apos;&apos;</OUTCOME>
<OUTCOME>&apos;\&apos;(0.638725-0.772059]\&apos;&apos;</OUTCOME>
<OUTCOME>&apos;\&apos;(0.772059-inf)\&apos;&apos;</OUTCOME>
</VARIABLE>
<VARIABLE TYPE="nature">
<NAME>pixel53</NAME>
<OUTCOME>&apos;\&apos;(-inf-0.459804]\&apos;&apos;</OUTCOME>
<OUTCOME>&apos;\&apos;(0.459804-0.684804]\&apos;&apos;</OUTCOME>
<OUTCOME>&apos;\&apos;(0.684804-0.79902]\&apos;&apos;</OUTCOME>
<OUTCOME>&apos;\&apos;(0.79902-inf)\&apos;&apos;</OUTCOME>
</VARIABLE>
<VARIABLE TYPE="nature">
<NAME>pixel54</NAME>
<OUTCOME>&apos;\&apos;(-inf-0.385294]\&apos;&apos;</OUTCOME>
<OUTCOME>&apos;\&apos;(0.385294-0.57598]\&apos;&apos;</OUTCOME>
<OUTCOME>&apos;\&apos;(0.57598-0.768137]\&apos;&apos;</OUTCOME>
<OUTCOME>&apos;\&apos;(0.768137-inf)\&apos;&apos;</OUTCOME>
</VARIABLE>
<VARIABLE TYPE="nature">
<NAME>pixel55</NAME>
<OUTCOME>&apos;\&apos;(-inf-0.34951]\&apos;&apos;</OUTCOME>
<OUTCOME>&apos;\&apos;(0.34951-0.573529]\&apos;&apos;</OUTCOME>
<OUTCOME>&apos;\&apos;(0.573529-0.763235]\&apos;&apos;</OUTCOME>
<OUTCOME>&apos;\&apos;(0.763235-inf)\&apos;&apos;</OUTCOME>
</VARIABLE>
<VARIABLE TYPE="nature">
<NAME>pixel56</NAME>
<OUTCOME>&apos;\&apos;(-inf-0.427451]\&apos;&apos;</OUTCOME>
<OUTCOME>&apos;\&apos;(0.427451-0.610784]\&apos;&apos;</OUTCOME>
<OUTCOME>&apos;\&apos;(0.610784-0.780392]\&apos;&apos;</OUTCOME>
<OUTCOME>&apos;\&apos;(0.780392-inf)\&apos;&apos;</OUTCOME>
</VARIABLE>
<VARIABLE TYPE="nature">
<NAME>pixel57</NAME>
<OUTCOME>&apos;\&apos;(-inf-0.455882]\&apos;&apos;</OUTCOME>
<OUTCOME>&apos;\&apos;(0.455882-0.577941]\&apos;&apos;</OUTCOME>
<OUTCOME>&apos;\&apos;(0.577941-0.741667]\&apos;&apos;</OUTCOME>
<OUTCOME>&apos;\&apos;(0.741667-inf)\&apos;&apos;</OUTCOME>
</VARIABLE>
<VARIABLE TYPE="nature">
<NAME>pixel58</NAME>
<OUTCOME>&apos;\&apos;(-inf-0.414706]\&apos;&apos;</OUTCOME>
<OUTCOME>&apos;\&apos;(0.414706-0.620098]\&apos;&apos;</OUTCOME>
<OUTCOME>&apos;\&apos;(0.620098-0.767157]\&apos;&apos;</OUTCOME>
<OUTCOME>&apos;\&apos;(0.767157-inf)\&apos;&apos;</OUTCOME>
</VARIABLE>
<VARIABLE TYPE="nature">
<NAME>pixel59</NAME>
<OUTCOME>&apos;\&apos;(-inf-0.45]\&apos;&apos;</OUTCOME>
<OUTCOME>&apos;\&apos;(0.45-0.614216]\&apos;&apos;</OUTCOME>
<OUTCOME>&apos;\&apos;(0.614216-0.765686]\&apos;&apos;</OUTCOME>
<OUTCOME>&apos;\&apos;(0.765686-inf)\&apos;&apos;</OUTCOME>
</VARIABLE>
<VARIABLE TYPE="nature">
<NAME>pixel60</NAME>
<OUTCOME>&apos;\&apos;(-inf-0.242157]\&apos;&apos;</OUTCOME>
<OUTCOME>&apos;\&apos;(0.242157-0.481863]\&apos;&apos;</OUTCOME>
<OUTCOME>&apos;\&apos;(0.481863-0.67549]\&apos;&apos;</OUTCOME>
<OUTCOME>&apos;\&apos;(0.67549-0.822059]\&apos;&apos;</OUTCOME>
<OUTCOME>&apos;\&apos;(0.822059-inf)\&apos;&apos;</OUTCOME>
</VARIABLE>
<VARIABLE TYPE="nature">
<NAME>pixel61</NAME>
<OUTCOME>&apos;\&apos;(-inf-0.24951]\&apos;&apos;</OUTCOME>
<OUTCOME>&apos;\&apos;(0.24951-0.485294]\&apos;&apos;</OUTCOME>
<OUTCOME>&apos;\&apos;(0.485294-0.652941]\&apos;&apos;</OUTCOME>
<OUTCOME>&apos;\&apos;(0.652941-0.775]\&apos;&apos;</OUTCOME>
<OUTCOME>&apos;\&apos;(0.775-inf)\&apos;&apos;</OUTCOME>
</VARIABLE>
<VARIABLE TYPE="nature">
<NAME>pixel62</NAME>
<OUTCOME>&apos;\&apos;(-inf-0.448039]\&apos;&apos;</OUTCOME>
<OUTCOME>&apos;\&apos;(0.448039-0.685294]\&apos;&apos;</OUTCOME>
<OUTCOME>&apos;\&apos;(0.685294-0.789216]\&apos;&apos;</OUTCOME>
<OUTCOME>&apos;\&apos;(0.789216-inf)\&apos;&apos;</OUTCOME>
</VARIABLE>
<VARIABLE TYPE="nature">
<NAME>pixel63</NAME>
<OUTCOME>&apos;\&apos;(-inf-0.428922]\&apos;&apos;</OUTCOME>
<OUTCOME>&apos;\&apos;(0.428922-0.598039]\&apos;&apos;</OUTCOME>
<OUTCOME>&apos;\&apos;(0.598039-0.75]\&apos;&apos;</OUTCOME>
<OUTCOME>&apos;\&apos;(0.75-inf)\&apos;&apos;</OUTCOME>
</VARIABLE>
<VARIABLE TYPE="nature">
<NAME>pixel64</NAME>
<OUTCOME>&apos;\&apos;(-inf-0.385294]\&apos;&apos;</OUTCOME>
<OUTCOME>&apos;\&apos;(0.385294-0.57598]\&apos;&apos;</OUTCOME>
<OUTCOME>&apos;\&apos;(0.57598-0.768137]\&apos;&apos;</OUTCOME>
<OUTCOME>&apos;\&apos;(0.768137-inf)\&apos;&apos;</OUTCOME>
</VARIABLE>
<VARIABLE TYPE="nature">
<NAME>pixel65</NAME>
<OUTCOME>&apos;\&apos;(-inf-0.347059]\&apos;&apos;</OUTCOME>
<OUTCOME>&apos;\&apos;(0.347059-0.642157]\&apos;&apos;</OUTCOME>
<OUTCOME>&apos;\&apos;(0.642157-0.79902]\&apos;&apos;</OUTCOME>
<OUTCOME>&apos;\&apos;(0.79902-inf)\&apos;&apos;</OUTCOME>
</VARIABLE>
<VARIABLE TYPE="nature">
<NAME>pixel66</NAME>
<OUTCOME>&apos;\&apos;(-inf-0.455882]\&apos;&apos;</OUTCOME>
<OUTCOME>&apos;\&apos;(0.455882-0.577941]\&apos;&apos;</OUTCOME>
<OUTCOME>&apos;\&apos;(0.577941-0.741667]\&apos;&apos;</OUTCOME>
<OUTCOME>&apos;\&apos;(0.741667-inf)\&apos;&apos;</OUTCOME>
</VARIABLE>
<VARIABLE TYPE="nature">
<NAME>pixel67</NAME>
<OUTCOME>&apos;\&apos;(-inf-0.358824]\&apos;&apos;</OUTCOME>
<OUTCOME>&apos;\&apos;(0.358824-0.635294]\&apos;&apos;</OUTCOME>
<OUTCOME>&apos;\&apos;(0.635294-0.725]\&apos;&apos;</OUTCOME>
<OUTCOME>&apos;\&apos;(0.725-inf)\&apos;&apos;</OUTCOME>
</VARIABLE>
<VARIABLE TYPE="nature">
<NAME>pixel68</NAME>
<OUTCOME>&apos;\&apos;(-inf-0.42598]\&apos;&apos;</OUTCOME>
<OUTCOME>&apos;\&apos;(0.42598-0.648039]\&apos;&apos;</OUTCOME>
<OUTCOME>&apos;\&apos;(0.648039-0.786275]\&apos;&apos;</OUTCOME>
<OUTCOME>&apos;\&apos;(0.786275-inf)\&apos;&apos;</OUTCOME>
</VARIABLE>
<VARIABLE TYPE="nature">
<NAME>pixel69</NAME>
<OUTCOME>&apos;\&apos;(-inf-0.188235]\&apos;&apos;</OUTCOME>
<OUTCOME>&apos;\&apos;(0.188235-0.429412]\&apos;&apos;</OUTCOME>
<OUTCOME>&apos;\&apos;(0.429412-0.602941]\&apos;&apos;</OUTCOME>
<OUTCOME>&apos;\&apos;(0.602941-0.716176]\&apos;&apos;</OUTCOME>
<OUTCOME>&apos;\&apos;(0.716176-0.793627]\&apos;&apos;</OUTCOME>
<OUTCOME>&apos;\&apos;(0.793627-inf)\&apos;&apos;</OUTCOME>
</VARIABLE>
<DEFINITION>
<FOR>emotion</FOR>
<TABLE>
0.13789680812161526 0.01495812074459749 0.14266808295749386 0.25080537029620215 0.17185296115067825 0.1699374858516029 0.11188117087781009 
</TABLE>
</DEFINITION>
<DEFINITION>
<FOR>pixel0</FOR>
<GIVEN>pixel62</GIVEN>
<TABLE>
0.9997697267424009 7.675775253300584E-5 7.675775253300584E-5 7.675775253300584E-5 
4.2951636457349025E-5 0.9998711450906279 4.2951636457349025E-5 4.2951636457349025E-5 
8.813678829543451E-5 8.813678829543451E-5 0.9997355896351137 8.813678829543451E-5 
1.0224948875255624E-4 1.0224948875255624E-4 1.0224948875255624E-4 0.9996932515337423 
</TABLE>
</DEFINITION>
<DEFINITION>
<FOR>pixel1</FOR>
<GIVEN>pixel6</GIVEN>
<GIVEN>pixel65</GIVEN>
<GIVEN>pixel3</GIVEN>
<TABLE>
0.6572176188399477 0.32839075447012644 0.008286088094199739 0.004797208896641954 0.0013083296990841692 
0.5565891472868217 0.4108527131782946 0.023255813953488372 0.004651162790697674 0.004651162790697674 
0.6476683937823834 0.2849740932642487 0.025906735751295335 0.015544041450777202 0.025906735751295335 
0.6263736263736264 0.34065934065934067 0.01098901098901099 0.01098901098901099 0.01098901098901099 
0.44325481798715205 0.5303354746609564 0.02069950035688794 0.004996431120628123 7.137758743754461E-4 
0.37082314588427057 0.5762021189894051 0.04482477587612062 0.0057049714751426246 0.0024449877750611247 
0.47075208913649025 0.4986072423398329 0.013927576601671309 0.013927576601671309 0.002785515320334262 
0.41007194244604317 0.4676258992805755 0.03597122302158273 0.07913669064748201 0.007194244604316547 
0.46255506607929514 0.45374449339207046 0.030837004405286344 0.048458149779735685 0.004405286343612335 
0.4581673306772908 0.4262948207171315 0.06772908366533864 0.043824701195219126 0.00398406374501992 
0.3603238866396761 0.4979757085020243 0.06882591093117409 0.06072874493927125 0.012145748987854251 
0.3577981651376147 0.46788990825688076 0.08256880733944955 0.08256880733944955 0.009174311926605505 
0.5064935064935064 0.3246753246753247 0.06493506493506493 0.09090909090909091 0.012987012987012988 
0.4098360655737705 0.3442622950819672 0.08196721311475409 0.11475409836065574 0.04918032786885246 
0.38666666666666666 0.49333333333333335 0.04 0.04 0.04 
0.424 0.392 0.04 0.072 0.072 
0.0873440285204991 0.7052881758764111 0.15745692216280452 0.046939988116458706 0.0029708853238265003 
0.046420141620771044 0.6176239181746657 0.23052714398111723 0.0936270653029111 0.011801730920535013 
0.036619718309859155 0.5267605633802817 0.29014084507042254 0.1267605633802817 0.01971830985915493 
0.04 0.52 0.3333333333333333 0.06666666666666667 0.04 
0.04853848216680075 0.6175918476803433 0.24161973719495844 0.08447304907481899 0.007776883883078573 
0.020645697658306775 0.483996120271581 0.3573506997367327 0.13204932797561314 0.005958154357766385 
0.02382212811011117 0.4007411328745368 0.38274219163578616 0.1868713605082054 0.005823186871360508 
0.020785219399538105 0.40415704387990764 0.302540415704388 0.23325635103926096 0.03926096997690531 
0.05174825174825175 0.45454545454545453 0.24475524475524477 0.21958041958041957 0.02937062937062937 
0.019972131908964234 0.3088713423130516 0.3766836971667441 0.2810032512772875 0.013469577333952624 
0.017334130304841603 0.269575612671847 0.3759713090257023 0.3114166168559474 0.025702331141661684 
0.03130148270181219 0.34761120263591433 0.30807248764415157 0.2685337726523888 0.044481054365733116 
0.048458149779735685 0.42731277533039647 0.2599118942731278 0.18061674008810572 0.08370044052863436 
0.043137254901960784 0.36470588235294116 0.30980392156862746 0.20784313725490197 0.07450980392156863 
0.02535211267605634 0.3352112676056338 0.24507042253521127 0.30704225352112674 0.08732394366197183 
0.014925373134328358 0.39104477611940297 0.1880597014925373 0.30149253731343284 0.1044776119402985 
0.00411522633744856 0.1934156378600823 0.22633744855967078 0.48148148148148145 0.09465020576131687 
0.0029154518950437317 0.10204081632653061 0.17784256559766765 0.6268221574344023 0.09037900874635568 
0.014778325123152709 0.09359605911330049 0.1724137931034483 0.6157635467980296 0.10344827586206896 
0.015873015873015872 0.047619047619047616 0.14285714285714285 0.4603174603174603 0.3333333333333333 
0.017462165308498253 0.12922002328288706 0.23166472642607683 0.5483119906868452 0.07334109429569266 
0.0012981393336218088 0.059281696235395934 0.22977066205106014 0.6520986585893552 0.05755084379056685 
0.001866832607342875 0.03920348475420037 0.1537025513378967 0.7274424393279403 0.0777846919726198 
0.002457002457002457 0.04668304668304668 0.09582309582309582 0.6756756756756757 0.17936117936117937 
0.015025041736227046 0.09849749582637729 0.11519198664440734 0.5826377295492488 0.18864774624373956 
0.0021285653469561515 0.05065985525755641 0.1587909748829289 0.6790123456790124 0.10940825883354618 
0.002335669002335669 0.022355689022355688 0.0970970970970971 0.7310643977310644 0.14714714714714713 
0.0036809815950920245 0.023312883435582823 0.12147239263803682 0.6122699386503068 0.2392638036809816 
0.0196078431372549 0.13725490196078433 0.08496732026143791 0.5424836601307189 0.21568627450980393 
0.0024691358024691358 0.037037037037037035 0.1506172839506173 0.5358024691358024 0.2740740740740741 
0.004366812227074236 0.03056768558951965 0.06841339155749636 0.6564774381368268 0.24017467248908297 
0.007072135785007072 0.03253182461103253 0.09193776520509193 0.5983026874115983 0.27015558698727016 
0.008 0.04 0.088 0.2 0.664 
0.007633587786259542 0.022900763358778626 0.05343511450381679 0.37404580152671757 0.5419847328244275 
0.021897810218978103 0.0364963503649635 0.08029197080291971 0.2846715328467153 0.5766423357664233 
0.008403361344537815 0.025210084033613446 0.008403361344537815 0.12605042016806722 0.8319327731092437 
0.0030211480362537764 0.027190332326283987 0.12386706948640483 0.24471299093655588 0.6012084592145015 
0.0046801872074883 0.0234009360374415 0.0514820592823713 0.35725429017160687 0.5631825273010921 
0.0013422818791946308 0.0174496644295302 0.025503355704697986 0.3073825503355705 0.6483221476510067 
0.0019047619047619048 0.013333333333333334 0.02857142857142857 0.15428571428571428 0.8019047619047619 
0.007481296758104738 0.02743142144638404 0.05236907730673317 0.3316708229426434 0.5810473815461347 
9.478672985781991E-4 0.01042654028436019 0.035071090047393366 0.35545023696682465 0.5981042654028436 
6.191950464396285E-4 0.0043343653250774 0.017956656346749224 0.3077399380804954 0.6693498452012384 
0.002288329519450801 0.006864988558352402 0.011441647597254004 0.16094584286803967 0.8184591914569032 
0.00303951367781155 0.03951367781155015 0.03343465045592705 0.19148936170212766 0.7325227963525835 
0.00646830530401035 0.01164294954721863 0.02199223803363519 0.2056921086675291 0.7542043984476067 
6.246096189881324E-4 0.003123048094940662 0.009369144284821987 0.1967520299812617 0.7901311680199875 
3.757985719654265E-4 0.006388575723412251 0.007140172867343104 0.07027433295753475 0.9158211198797445 
</TABLE>
</DEFINITION>
<DEFINITION>
<FOR>pixel2</FOR>
<GIVEN>pixel7</GIVEN>
<GIVEN>pixel0</GIVEN>
<GIVEN>pixel3</GIVEN>
<TABLE>
0.7773174520973589 0.20455722423614708 0.015018125323666495 0.002589331952356292 5.178663904712584E-4 
0.43703703703703706 0.4222222222222222 0.1259259259259259 0.007407407407407408 0.007407407407407408 
0.5172413793103449 0.1724137931034483 0.2413793103448276 0.034482758620689655 0.034482758620689655 
0.2727272727272727 0.2727272727272727 0.2727272727272727 0.09090909090909091 0.09090909090909091 
0.46938775510204084 0.22448979591836735 0.22448979591836735 0.061224489795918366 0.02040816326530612 
0.23809523809523808 0.3142857142857143 0.4095238095238095 0.02857142857142857 0.009523809523809525 
0.3793103448275862 0.2413793103448276 0.3103448275862069 0.034482758620689655 0.034482758620689655 
0.14285714285714285 0.42857142857142855 0.14285714285714285 0.14285714285714285 0.14285714285714285 
0.42857142857142855 0.14285714285714285 0.14285714285714285 0.14285714285714285 0.14285714285714285 
0.1111111111111111 0.1111111111111111 0.5555555555555556 0.1111111111111111 0.1111111111111111 
0.058823529411764705 0.29411764705882354 0.4117647058823529 0.058823529411764705 0.17647058823529413 
0.1111111111111111 0.3333333333333333 0.3333333333333333 0.1111111111111111 0.1111111111111111 
0.2 0.2 0.2 0.2 0.2 
0.14285714285714285 0.14285714285714285 0.14285714285714285 0.14285714285714285 0.42857142857142855 
0.14285714285714285 0.14285714285714285 0.42857142857142855 0.14285714285714285 0.14285714285714285 
0.23076923076923078 0.23076923076923078 0.23076923076923078 0.23076923076923078 0.07692307692307693 
0.13706055443704507 0.6416292395849466 0.21821279231841412 0.002323060244695679 7.743534148985597E-4 
0.08058326937835764 0.4059861857252494 0.5057559478127398 0.006907137375287797 7.674597083653108E-4 
0.13043478260869565 0.42028985507246375 0.36231884057971014 0.043478260869565216 0.043478260869565216 
0.14285714285714285 0.6190476190476191 0.14285714285714285 0.047619047619047616 0.047619047619047616 
0.06651108518086347 0.4539089848308051 0.4749124854142357 0.003500583430571762 0.0011668611435239206 
0.019950997549877492 0.2544627231361568 0.7171858592929646 0.005950297514875744 0.002450122506125306 
0.0029850746268656717 0.2417910447761194 0.6059701492537314 0.12238805970149254 0.026865671641791045 
0.06666666666666667 0.24444444444444444 0.37777777777777777 0.24444444444444444 0.06666666666666667 
0.18518518518518517 0.1111111111111111 0.3333333333333333 0.18518518518518517 0.18518518518518517 
0.09473684210526316 0.11578947368421053 0.49473684210526314 0.22105263157894736 0.07368421052631578 
0.006060606060606061 0.16363636363636364 0.5757575757575758 0.18787878787878787 0.06666666666666667 
0.05660377358490566 0.20754716981132076 0.39622641509433965 0.24528301886792453 0.09433962264150944 
0.07692307692307693 0.07692307692307693 0.38461538461538464 0.23076923076923078 0.23076923076923078 
0.1111111111111111 0.3333333333333333 0.3333333333333333 0.1111111111111111 0.1111111111111111 
0.1111111111111111 0.1111111111111111 0.25925925925925924 0.1111111111111111 0.4074074074074074 
0.013333333333333334 0.17333333333333334 0.28 0.17333333333333334 0.36 
0.06976744186046512 0.2646134506599623 0.6266499057196732 0.02702702702702703 0.011942174732872407 
0.04153354632587859 0.16293929712460065 0.7358892438764644 0.054313099041533544 0.005324813631522897 
0.06329113924050633 0.26582278481012656 0.46835443037974683 0.16455696202531644 0.0379746835443038 
0.05263157894736842 0.2631578947368421 0.5789473684210527 0.05263157894736842 0.05263157894736842 
0.00895933838731909 0.14128187456926258 0.7891109579600276 0.055823569951757405 0.004824259131633356 
0.0021353634760003714 0.04261442762974654 0.8672360969269335 0.08179370531984032 0.006220406647479343 
0.003884333189469141 0.030643072939145446 0.6814846784635304 0.2619766940008632 0.0220112214069918 
0.012345679012345678 0.16049382716049382 0.43209876543209874 0.20987654320987653 0.18518518518518517 
0.061224489795918366 0.10204081632653061 0.3469387755102041 0.3877551020408163 0.10204081632653061 
0.0048 0.0528 0.6736 0.2384 0.0304 
0.0013856812933025404 0.008775981524249422 0.5824480369515012 0.37090069284064664 0.03648960739030023 
0.012552301255230125 0.012552301255230125 0.3305439330543933 0.4225941422594142 0.2217573221757322 
0.058823529411764705 0.058823529411764705 0.29411764705882354 0.29411764705882354 0.29411764705882354 
0.022222222222222223 0.06666666666666667 0.28888888888888886 0.24444444444444444 0.37777777777777777 
0.004739336492890996 0.04265402843601896 0.4597156398104265 0.27014218009478674 0.22274881516587677 
0.0021691973969631237 0.006507592190889371 0.3232104121475054 0.3232104121475054 0.34490238611713664 
0.08021390374331551 0.24064171122994651 0.5294117647058824 0.11229946524064172 0.0374331550802139 
0.050359712230215826 0.22302158273381295 0.4676258992805755 0.17985611510791366 0.07913669064748201 
0.1282051282051282 0.23076923076923078 0.48717948717948717 0.07692307692307693 0.07692307692307693 
0.14285714285714285 0.14285714285714285 0.42857142857142855 0.14285714285714285 0.14285714285714285 
0.013550135501355014 0.06775067750677506 0.5826558265582655 0.2682926829268293 0.06775067750677506 
0.0014641288433382138 0.012201073694485115 0.4485114690092728 0.43094192288921424 0.10688140556368961 
0.002583979328165375 0.024978466838931956 0.2988802756244617 0.5038759689922481 0.16968130921619293 
0.009708737864077669 0.009708737864077669 0.32038834951456313 0.22330097087378642 0.4368932038834951 
0.011494252873563218 0.05747126436781609 0.3333333333333333 0.3793103448275862 0.21839080459770116 
0.0010193679918450561 0.0050968399592252805 0.43119266055045874 0.4536187563710499 0.109072375127421 
2.244668911335578E-4 0.003367003367003367 0.14343434343434344 0.6395061728395062 0.21346801346801347 
0.0054446460980036296 0.0018148820326678765 0.16878402903811252 0.3793103448275862 0.44464609800362975 
0.09090909090909091 0.09090909090909091 0.2727272727272727 0.2727272727272727 0.2727272727272727 
0.024390243902439025 0.008130081300813009 0.3170731707317073 0.25203252032520324 0.3983739837398374 
0.001287001287001287 0.001287001287001287 0.15572715572715573 0.5315315315315315 0.31016731016731014 
7.087172218284905E-4 0.002126151665485471 0.08008504606661943 0.3890857547838412 0.5279943302622254 
0.0707070707070707 0.1111111111111111 0.37373737373737376 0.1111111111111111 0.3333333333333333 
0.10638297872340426 0.02127659574468085 0.3617021276595745 0.06382978723404255 0.44680851063829785 
0.06666666666666667 0.06666666666666667 0.6 0.06666666666666667 0.2 
0.14285714285714285 0.14285714285714285 0.42857142857142855 0.14285714285714285 0.14285714285714285 
0.007874015748031496 0.03937007874015748 0.30708661417322836 0.2283464566929134 0.41732283464566927 
0.0030581039755351682 0.021406727828746176 0.22935779816513763 0.3211009174311927 0.42507645259938837 
0.003745318352059925 0.018726591760299626 0.25842696629213485 0.24344569288389514 0.4756554307116105 
0.014084507042253521 0.07042253521126761 0.2112676056338028 0.2676056338028169 0.43661971830985913 
0.02040816326530612 0.02040816326530612 0.46938775510204084 0.10204081632653061 0.3877551020408163 
0.0029850746268656717 0.008955223880597015 0.14626865671641792 0.3253731343283582 0.5164179104477612 
9.033423667570009E-4 0.0027100271002710027 0.05871725383920506 0.23757904245709124 0.7000903342366757 
0.002398081534772182 0.016786570743405275 0.05995203836930456 0.17985611510791366 0.7410071942446043 
0.034482758620689655 0.10344827586206896 0.10344827586206896 0.10344827586206896 0.6551724137931034 
0.014492753623188406 0.014492753623188406 0.13043478260869565 0.2463768115942029 0.5942028985507246 
6.724949562878278E-4 6.724949562878278E-4 0.03833221250840619 0.183591123066577 0.7767316745124412 
2.0238818053025704E-4 6.071645415907711E-4 0.011940902651285164 0.04513256425824732 0.9421169803683465 
</TABLE>
</DEFINITION>
<DEFINITION>
<FOR>pixel3</FOR>
<GIVEN>pixel68</GIVEN>
<TABLE>
0.999774707119255 7.509762691498949E-5 7.509762691498949E-5 7.509762691498949E-5 
4.759185227489054E-5 0.9998572244431754 4.759185227489054E-5 4.759185227489054E-5 
6.820351930159596E-5 6.820351930159596E-5 0.9997953894420952 6.820351930159596E-5 
1.1839924224484963E-4 1.1839924224484963E-4 1.1839924224484963E-4 0.9996448022732655 
</TABLE>
</DEFINITION>
<DEFINITION>
<FOR>pixel4</FOR>
<GIVEN>pixel61</GIVEN>
<GIVEN>pixel60</GIVEN>
<GIVEN>pixel39</GIVEN>
<TABLE>
0.9089709762532981 0.08047493403693931 0.00395778364116095 0.006596306068601583 
0.9082278481012658 0.08755274261603375 0.0031645569620253164 0.0010548523206751054 
0.8464285714285714 0.13214285714285715 0.017857142857142856 0.0035714285714285713 
0.7318181818181818 0.2318181818181818 0.022727272727272728 0.013636363636363636 
0.6515151515151515 0.16666666666666666 0.07575757575757576 0.10606060606060606 
0.67 0.29 0.03 0.01 
0.7892857142857143 0.18214285714285713 0.010714285714285714 0.017857142857142856 
0.696078431372549 0.2647058823529412 0.00980392156862745 0.029411764705882353 
0.6328125 0.2734375 0.0546875 0.0390625 
0.4166666666666667 0.4166666666666667 0.1388888888888889 0.027777777777777776 
0.1 0.7 0.1 0.1 
0.4583333333333333 0.2916666666666667 0.20833333333333334 0.041666666666666664 
0.7 0.1 0.1 0.1 
0.05555555555555555 0.5 0.05555555555555555 0.3888888888888889 
0.375 0.375 0.125 0.125 
0.16666666666666666 0.5 0.16666666666666666 0.16666666666666666 
0.5 0.16666666666666666 0.16666666666666666 0.16666666666666666 
0.25 0.25 0.25 0.25 
0.5 0.16666666666666666 0.16666666666666666 0.16666666666666666 
0.25 0.25 0.25 0.25 
0.25 0.25 0.25 0.25 
0.25 0.25 0.25 0.25 
0.25 0.25 0.25 0.25 
0.25 0.25 0.25 0.25 
0.25 0.25 0.25 0.25 
0.6435185185185185 0.2916666666666667 0.06018518518518518 0.004629629629629629 
0.578125 0.36830357142857145 0.03794642857142857 0.015625 
0.5352941176470588 0.38235294117647056 0.052941176470588235 0.029411764705882353 
0.2784090909090909 0.4943181818181818 0.14204545454545456 0.08522727272727272 
0.34375 0.46875 0.09375 0.09375 
0.6320293398533008 0.3484107579462103 0.01589242053789731 0.003667481662591687 
0.5840494092373791 0.40628356605800214 0.00832438238453276 0.0013426423200859291 
0.3946629213483146 0.5884831460674157 0.009831460674157303 0.007022471910112359 
0.3193224592220828 0.6342534504391468 0.024466750313676285 0.021957340025094103 
0.3617886178861789 0.524390243902439 0.06097560975609756 0.052845528455284556 
0.4875 0.4625 0.0125 0.0375 
0.356353591160221 0.5994475138121547 0.03038674033149171 0.013812154696132596 
0.3089622641509434 0.6391509433962265 0.030660377358490566 0.02122641509433962 
