<?xml version="1.0"?>
<!-- DTD for the XMLBIF 0.3 format -->
<!DOCTYPE BIF [
	<!ELEMENT BIF ( NETWORK )*>
	      <!ATTLIST BIF VERSION CDATA #REQUIRED>
	<!ELEMENT NETWORK ( NAME, ( PROPERTY | VARIABLE | DEFINITION )* )>
	<!ELEMENT NAME (#PCDATA)>
	<!ELEMENT VARIABLE ( NAME, ( OUTCOME |  PROPERTY )* ) >
	      <!ATTLIST VARIABLE TYPE (nature|decision|utility) "nature">
	<!ELEMENT OUTCOME (#PCDATA)>
	<!ELEMENT DEFINITION ( FOR | GIVEN | TABLE | PROPERTY )* >
	<!ELEMENT FOR (#PCDATA)>
	<!ELEMENT GIVEN (#PCDATA)>
	<!ELEMENT TABLE (#PCDATA)>
	<!ELEMENT PROPERTY (#PCDATA)>
]>


<BIF VERSION="0.3">
<NETWORK>
<NAME>faces-weka.filters.supervised.attribute.Discretize-Rfirst-last-precision6-weka.filters.unsupervised.attribute.ReplaceMissingValues</NAME>
<VARIABLE TYPE="nature">
<NAME>emotion</NAME>
<OUTCOME>angry</OUTCOME>
<OUTCOME>disgust</OUTCOME>
<OUTCOME>fear</OUTCOME>
<OUTCOME>happy</OUTCOME>
<OUTCOME>neutral</OUTCOME>
<OUTCOME>sad</OUTCOME>
<OUTCOME>surprise</OUTCOME>
</VARIABLE>
<VARIABLE TYPE="nature">
<NAME>pixel0</NAME>
<OUTCOME>&apos;\&apos;(-inf-0.448039]\&apos;&apos;</OUTCOME>
<OUTCOME>&apos;\&apos;(0.448039-0.685294]\&apos;&apos;</OUTCOME>
<OUTCOME>&apos;\&apos;(0.685294-0.789216]\&apos;&apos;</OUTCOME>
<OUTCOME>&apos;\&apos;(0.789216-inf)\&apos;&apos;</OUTCOME>
</VARIABLE>
<VARIABLE TYPE="nature">
<NAME>pixel1</NAME>
<OUTCOME>&apos;\&apos;(-inf-0.288725]\&apos;&apos;</OUTCOME>
<OUTCOME>&apos;\&apos;(0.288725-0.52451]\&apos;&apos;</OUTCOME>
<OUTCOME>&apos;\&apos;(0.52451-0.620098]\&apos;&apos;</OUTCOME>
<OUTCOME>&apos;\&apos;(0.620098-0.764216]\&apos;&apos;</OUTCOME>
<OUTCOME>&apos;\&apos;(0.764216-inf)\&apos;&apos;</OUTCOME>
</VARIABLE>
<VARIABLE TYPE="nature">
<NAME>pixel2</NAME>
<OUTCOME>&apos;\&apos;(-inf-0.230882]\&apos;&apos;</OUTCOME>
<OUTCOME>&apos;\&apos;(0.230882-0.40098]\&apos;&apos;</OUTCOME>
<OUTCOME>&apos;\&apos;(0.40098-0.661765]\&apos;&apos;</OUTCOME>
<OUTCOME>&apos;\&apos;(0.661765-0.757353]\&apos;&apos;</OUTCOME>
<OUTCOME>&apos;\&apos;(0.757353-inf)\&apos;&apos;</OUTCOME>
</VARIABLE>
<VARIABLE TYPE="nature">
<NAME>pixel3</NAME>
<OUTCOME>&apos;\&apos;(-inf-0.42598]\&apos;&apos;</OUTCOME>
<OUTCOME>&apos;\&apos;(0.42598-0.648039]\&apos;&apos;</OUTCOME>
<OUTCOME>&apos;\&apos;(0.648039-0.786275]\&apos;&apos;</OUTCOME>
<OUTCOME>&apos;\&apos;(0.786275-inf)\&apos;&apos;</OUTCOME>
</VARIABLE>
<VARIABLE TYPE="nature">
<NAME>pixel4</NAME>
<OUTCOME>&apos;\&apos;(-inf-0.408824]\&apos;&apos;</OUTCOME>
<OUTCOME>&apos;\&apos;(0.408824-0.696569]\&apos;&apos;</OUTCOME>
<OUTCOME>&apos;\&apos;(0.696569-0.783333]\&apos;&apos;</OUTCOME>
<OUTCOME>&apos;\&apos;(0.783333-inf)\&apos;&apos;</OUTCOME>
</VARIABLE>
<VARIABLE TYPE="nature">
<NAME>pixel5</NAME>
<OUTCOME>&apos;\&apos;(-inf-0.179412]\&apos;&apos;</OUTCOME>
<OUTCOME>&apos;\&apos;(0.179412-0.473529]\&apos;&apos;</OUTCOME>
<OUTCOME>&apos;\&apos;(0.473529-0.70049]\&apos;&apos;</OUTCOME>
<OUTCOME>&apos;\&apos;(0.70049-inf)\&apos;&apos;</OUTCOME>
</VARIABLE>
<VARIABLE TYPE="nature">
<NAME>pixel6</NAME>
<OUTCOME>&apos;\&apos;(-inf-0.378431]\&apos;&apos;</OUTCOME>
<OUTCOME>&apos;\&apos;(0.378431-0.656863]\&apos;&apos;</OUTCOME>
<OUTCOME>&apos;\&apos;(0.656863-0.779412]\&apos;&apos;</OUTCOME>
<OUTCOME>&apos;\&apos;(0.779412-inf)\&apos;&apos;</OUTCOME>
</VARIABLE>
<VARIABLE TYPE="nature">
<NAME>pixel7</NAME>
<OUTCOME>&apos;\&apos;(-inf-0.230392]\&apos;&apos;</OUTCOME>
<OUTCOME>&apos;\&apos;(0.230392-0.482353]\&apos;&apos;</OUTCOME>
<OUTCOME>&apos;\&apos;(0.482353-0.684314]\&apos;&apos;</OUTCOME>
<OUTCOME>&apos;\&apos;(0.684314-0.794608]\&apos;&apos;</OUTCOME>
<OUTCOME>&apos;\&apos;(0.794608-inf)\&apos;&apos;</OUTCOME>
</VARIABLE>
<VARIABLE TYPE="nature">
<NAME>pixel8</NAME>
<OUTCOME>&apos;\&apos;(-inf-0.47402]\&apos;&apos;</OUTCOME>
<OUTCOME>&apos;\&apos;(0.47402-0.7]\&apos;&apos;</OUTCOME>
<OUTCOME>&apos;\&apos;(0.7-0.796078]\&apos;&apos;</OUTCOME>
<OUTCOME>&apos;\&apos;(0.796078-inf)\&apos;&apos;</OUTCOME>
</VARIABLE>
<VARIABLE TYPE="nature">
<NAME>pixel9</NAME>
<OUTCOME>&apos;\&apos;(-inf-0.293137]\&apos;&apos;</OUTCOME>
<OUTCOME>&apos;\&apos;(0.293137-0.631863]\&apos;&apos;</OUTCOME>
<OUTCOME>&apos;\&apos;(0.631863-inf)\&apos;&apos;</OUTCOME>
</VARIABLE>
<VARIABLE TYPE="nature">
<NAME>pixel10</NAME>
<OUTCOME>&apos;\&apos;(-inf-0.170588]\&apos;&apos;</OUTCOME>
<OUTCOME>&apos;\&apos;(0.170588-0.601471]\&apos;&apos;</OUTCOME>
<OUTCOME>&apos;\&apos;(0.601471-inf)\&apos;&apos;</OUTCOME>
</VARIABLE>
<VARIABLE TYPE="nature">
<NAME>pixel11</NAME>
<OUTCOME>&apos;\&apos;(-inf-0.107353]\&apos;&apos;</OUTCOME>
<OUTCOME>&apos;\&apos;(0.107353-0.492157]\&apos;&apos;</OUTCOME>
<OUTCOME>&apos;\&apos;(0.492157-0.663235]\&apos;&apos;</OUTCOME>
<OUTCOME>&apos;\&apos;(0.663235-inf)\&apos;&apos;</OUTCOME>
</VARIABLE>
<VARIABLE TYPE="nature">
<NAME>pixel12</NAME>
<OUTCOME>&apos;\&apos;(-inf-0.505392]\&apos;&apos;</OUTCOME>
<OUTCOME>&apos;\&apos;(0.505392-inf)\&apos;&apos;</OUTCOME>
</VARIABLE>
<VARIABLE TYPE="nature">
<NAME>pixel13</NAME>
<OUTCOME>&apos;\&apos;(-inf-0.108824]\&apos;&apos;</OUTCOME>
<OUTCOME>&apos;\&apos;(0.108824-0.564706]\&apos;&apos;</OUTCOME>
<OUTCOME>&apos;\&apos;(0.564706-inf)\&apos;&apos;</OUTCOME>
</VARIABLE>
<VARIABLE TYPE="nature">
<NAME>pixel14</NAME>
<OUTCOME>&apos;\&apos;(-inf-0.152451]\&apos;&apos;</OUTCOME>
<OUTCOME>&apos;\&apos;(0.152451-0.585294]\&apos;&apos;</OUTCOME>
<OUTCOME>&apos;\&apos;(0.585294-inf)\&apos;&apos;</OUTCOME>
</VARIABLE>
<VARIABLE TYPE="nature">
<NAME>pixel15</NAME>
<OUTCOME>&apos;\&apos;(-inf-0.197059]\&apos;&apos;</OUTCOME>
<OUTCOME>&apos;\&apos;(0.197059-0.584314]\&apos;&apos;</OUTCOME>
<OUTCOME>&apos;\&apos;(0.584314-0.704902]\&apos;&apos;</OUTCOME>
<OUTCOME>&apos;\&apos;(0.704902-inf)\&apos;&apos;</OUTCOME>
</VARIABLE>
<VARIABLE TYPE="nature">
<NAME>pixel16</NAME>
<OUTCOME>&apos;\&apos;(-inf-0.318627]\&apos;&apos;</OUTCOME>
<OUTCOME>&apos;\&apos;(0.318627-0.589216]\&apos;&apos;</OUTCOME>
<OUTCOME>&apos;\&apos;(0.589216-0.706863]\&apos;&apos;</OUTCOME>
<OUTCOME>&apos;\&apos;(0.706863-inf)\&apos;&apos;</OUTCOME>
</VARIABLE>
<VARIABLE TYPE="nature">
<NAME>pixel17</NAME>
<OUTCOME>&apos;\&apos;(-inf-0.530392]\&apos;&apos;</OUTCOME>
<OUTCOME>&apos;\&apos;(0.530392-0.65049]\&apos;&apos;</OUTCOME>
<OUTCOME>&apos;\&apos;(0.65049-inf)\&apos;&apos;</OUTCOME>
</VARIABLE>
<VARIABLE TYPE="nature">
<NAME>pixel18</NAME>
<OUTCOME>&apos;\&apos;(-inf-0.567157]\&apos;&apos;</OUTCOME>
<OUTCOME>&apos;\&apos;(0.567157-0.716667]\&apos;&apos;</OUTCOME>
<OUTCOME>&apos;\&apos;(0.716667-inf)\&apos;&apos;</OUTCOME>
</VARIABLE>
<VARIABLE TYPE="nature">
<NAME>pixel19</NAME>
<OUTCOME>&apos;\&apos;(-inf-0.159314]\&apos;&apos;</OUTCOME>
<OUTCOME>&apos;\&apos;(0.159314-0.548529]\&apos;&apos;</OUTCOME>
<OUTCOME>&apos;\&apos;(0.548529-inf)\&apos;&apos;</OUTCOME>
</VARIABLE>
<VARIABLE TYPE="nature">
<NAME>pixel20</NAME>
<OUTCOME>&apos;\&apos;(-inf-0.017157]\&apos;&apos;</OUTCOME>
<OUTCOME>&apos;\&apos;(0.017157-0.733824]\&apos;&apos;</OUTCOME>
<OUTCOME>&apos;\&apos;(0.733824-0.972059]\&apos;&apos;</OUTCOME>
<OUTCOME>&apos;\&apos;(0.972059-inf)\&apos;&apos;</OUTCOME>
</VARIABLE>
<VARIABLE TYPE="nature">
<NAME>pixel21</NAME>
<OUTCOME>&apos;\&apos;(-inf-0.027941]\&apos;&apos;</OUTCOME>
<OUTCOME>&apos;\&apos;(0.027941-0.677941]\&apos;&apos;</OUTCOME>
<OUTCOME>&apos;\&apos;(0.677941-0.986765]\&apos;&apos;</OUTCOME>
<OUTCOME>&apos;\&apos;(0.986765-inf)\&apos;&apos;</OUTCOME>
</VARIABLE>
<VARIABLE TYPE="nature">
<NAME>pixel22</NAME>
<OUTCOME>&apos;\&apos;(-inf-0.606863]\&apos;&apos;</OUTCOME>
<OUTCOME>&apos;\&apos;(0.606863-0.976961]\&apos;&apos;</OUTCOME>
<OUTCOME>&apos;\&apos;(0.976961-inf)\&apos;&apos;</OUTCOME>
</VARIABLE>
<VARIABLE TYPE="nature">
<NAME>pixel23</NAME>
<OUTCOME>&apos;\&apos;(-inf-0.584314]\&apos;&apos;</OUTCOME>
<OUTCOME>&apos;\&apos;(0.584314-0.957353]\&apos;&apos;</OUTCOME>
<OUTCOME>&apos;\&apos;(0.957353-inf)\&apos;&apos;</OUTCOME>
</VARIABLE>
<VARIABLE TYPE="nature">
<NAME>pixel24</NAME>
<OUTCOME>&apos;\&apos;(-inf-0.585294]\&apos;&apos;</OUTCOME>
<OUTCOME>&apos;\&apos;(0.585294-0.985784]\&apos;&apos;</OUTCOME>
<OUTCOME>&apos;\&apos;(0.985784-inf)\&apos;&apos;</OUTCOME>
</VARIABLE>
<VARIABLE TYPE="nature">
<NAME>pixel25</NAME>
<OUTCOME>&apos;\&apos;(-inf-0.026961]\&apos;&apos;</OUTCOME>
<OUTCOME>&apos;\&apos;(0.026961-0.305392]\&apos;&apos;</OUTCOME>
<OUTCOME>&apos;\&apos;(0.305392-0.661765]\&apos;&apos;</OUTCOME>
<OUTCOME>&apos;\&apos;(0.661765-0.957353]\&apos;&apos;</OUTCOME>
<OUTCOME>&apos;\&apos;(0.957353-inf)\&apos;&apos;</OUTCOME>
</VARIABLE>
<VARIABLE TYPE="nature">
<NAME>pixel26</NAME>
<OUTCOME>&apos;\&apos;(-inf-0.630882]\&apos;&apos;</OUTCOME>
<OUTCOME>&apos;\&apos;(0.630882-0.970588]\&apos;&apos;</OUTCOME>
<OUTCOME>&apos;\&apos;(0.970588-inf)\&apos;&apos;</OUTCOME>
</VARIABLE>
<VARIABLE TYPE="nature">
<NAME>pixel27</NAME>
<OUTCOME>&apos;\&apos;(-inf-0.568137]\&apos;&apos;</OUTCOME>
<OUTCOME>&apos;\&apos;(0.568137-0.794608]\&apos;&apos;</OUTCOME>
<OUTCOME>&apos;\&apos;(0.794608-0.990686]\&apos;&apos;</OUTCOME>
<OUTCOME>&apos;\&apos;(0.990686-inf)\&apos;&apos;</OUTCOME>
</VARIABLE>
<VARIABLE TYPE="nature">
<NAME>pixel28</NAME>
<OUTCOME>&apos;\&apos;(-inf-0.553922]\&apos;&apos;</OUTCOME>
<OUTCOME>&apos;\&apos;(0.553922-0.74902]\&apos;&apos;</OUTCOME>
<OUTCOME>&apos;\&apos;(0.74902-0.983333]\&apos;&apos;</OUTCOME>
<OUTCOME>&apos;\&apos;(0.983333-inf)\&apos;&apos;</OUTCOME>
</VARIABLE>
<VARIABLE TYPE="nature">
<NAME>pixel29</NAME>
<OUTCOME>&apos;\&apos;(-inf-0.012255]\&apos;&apos;</OUTCOME>
<OUTCOME>&apos;\&apos;(0.012255-0.687255]\&apos;&apos;</OUTCOME>
<OUTCOME>&apos;\&apos;(0.687255-0.967647]\&apos;&apos;</OUTCOME>
<OUTCOME>&apos;\&apos;(0.967647-inf)\&apos;&apos;</OUTCOME>
</VARIABLE>
<VARIABLE TYPE="nature">
<NAME>pixel30</NAME>
<OUTCOME>&apos;\&apos;(-inf-0.133333]\&apos;&apos;</OUTCOME>
<OUTCOME>&apos;\&apos;(0.133333-0.215196]\&apos;&apos;</OUTCOME>
<OUTCOME>&apos;\&apos;(0.215196-0.420588]\&apos;&apos;</OUTCOME>
<OUTCOME>&apos;\&apos;(0.420588-0.621078]\&apos;&apos;</OUTCOME>
<OUTCOME>&apos;\&apos;(0.621078-inf)\&apos;&apos;</OUTCOME>
</VARIABLE>
<VARIABLE TYPE="nature">
<NAME>pixel31</NAME>
<OUTCOME>&apos;\&apos;(-inf-0.160784]\&apos;&apos;</OUTCOME>
<OUTCOME>&apos;\&apos;(0.160784-0.365686]\&apos;&apos;</OUTCOME>
<OUTCOME>&apos;\&apos;(0.365686-0.573529]\&apos;&apos;</OUTCOME>
<OUTCOME>&apos;\&apos;(0.573529-0.734804]\&apos;&apos;</OUTCOME>
<OUTCOME>&apos;\&apos;(0.734804-inf)\&apos;&apos;</OUTCOME>
</VARIABLE>
<VARIABLE TYPE="nature">
<NAME>pixel32</NAME>
<OUTCOME>&apos;\&apos;(-inf-0.194608]\&apos;&apos;</OUTCOME>
<OUTCOME>&apos;\&apos;(0.194608-0.286765]\&apos;&apos;</OUTCOME>
<OUTCOME>&apos;\&apos;(0.286765-0.492157]\&apos;&apos;</OUTCOME>
<OUTCOME>&apos;\&apos;(0.492157-inf)\&apos;&apos;</OUTCOME>
</VARIABLE>
<VARIABLE TYPE="nature">
<NAME>pixel33</NAME>
<OUTCOME>&apos;\&apos;(-inf-0.151961]\&apos;&apos;</OUTCOME>
<OUTCOME>&apos;\&apos;(0.151961-0.27549]\&apos;&apos;</OUTCOME>
<OUTCOME>&apos;\&apos;(0.27549-0.558824]\&apos;&apos;</OUTCOME>
<OUTCOME>&apos;\&apos;(0.558824-inf)\&apos;&apos;</OUTCOME>
</VARIABLE>
<VARIABLE TYPE="nature">
<NAME>pixel34</NAME>
<OUTCOME>&apos;\&apos;(-inf-0.161765]\&apos;&apos;</OUTCOME>
<OUTCOME>&apos;\&apos;(0.161765-0.402451]\&apos;&apos;</OUTCOME>
<OUTCOME>&apos;\&apos;(0.402451-0.571078]\&apos;&apos;</OUTCOME>
<OUTCOME>&apos;\&apos;(0.571078-inf)\&apos;&apos;</OUTCOME>
</VARIABLE>
<VARIABLE TYPE="nature">
<NAME>pixel35</NAME>
<OUTCOME>&apos;\&apos;(-inf-0.178922]\&apos;&apos;</OUTCOME>
<OUTCOME>&apos;\&apos;(0.178922-0.280882]\&apos;&apos;</OUTCOME>
<OUTCOME>&apos;\&apos;(0.280882-0.40098]\&apos;&apos;</OUTCOME>
<OUTCOME>&apos;\&apos;(0.40098-0.560294]\&apos;&apos;</OUTCOME>
<OUTCOME>&apos;\&apos;(0.560294-inf)\&apos;&apos;</OUTCOME>
</VARIABLE>
<VARIABLE TYPE="nature">
<NAME>pixel36</NAME>
<OUTCOME>&apos;\&apos;(-inf-0.177451]\&apos;&apos;</OUTCOME>
<OUTCOME>&apos;\&apos;(0.177451-0.455392]\&apos;&apos;</OUTCOME>
<OUTCOME>&apos;\&apos;(0.455392-0.542647]\&apos;&apos;</OUTCOME>
<OUTCOME>&apos;\&apos;(0.542647-inf)\&apos;&apos;</OUTCOME>
</VARIABLE>
<VARIABLE TYPE="nature">
<NAME>pixel37</NAME>
<OUTCOME>&apos;\&apos;(-inf-0.146569]\&apos;&apos;</OUTCOME>
<OUTCOME>&apos;\&apos;(0.146569-0.422059]\&apos;&apos;</OUTCOME>
<OUTCOME>&apos;\&apos;(0.422059-0.578431]\&apos;&apos;</OUTCOME>
<OUTCOME>&apos;\&apos;(0.578431-inf)\&apos;&apos;</OUTCOME>
</VARIABLE>
<VARIABLE TYPE="nature">
<NAME>pixel38</NAME>
<OUTCOME>&apos;\&apos;(-inf-0.156373]\&apos;&apos;</OUTCOME>
<OUTCOME>&apos;\&apos;(0.156373-0.394118]\&apos;&apos;</OUTCOME>
<OUTCOME>&apos;\&apos;(0.394118-0.543627]\&apos;&apos;</OUTCOME>
<OUTCOME>&apos;\&apos;(0.543627-inf)\&apos;&apos;</OUTCOME>
</VARIABLE>
<VARIABLE TYPE="nature">
<NAME>pixel39</NAME>
<OUTCOME>&apos;\&apos;(-inf-0.163235]\&apos;&apos;</OUTCOME>
<OUTCOME>&apos;\&apos;(0.163235-0.362255]\&apos;&apos;</OUTCOME>
<OUTCOME>&apos;\&apos;(0.362255-0.479902]\&apos;&apos;</OUTCOME>
<OUTCOME>&apos;\&apos;(0.479902-0.711765]\&apos;&apos;</OUTCOME>
<OUTCOME>&apos;\&apos;(0.711765-inf)\&apos;&apos;</OUTCOME>
</VARIABLE>
<VARIABLE TYPE="nature">
<NAME>pixel40</NAME>
<OUTCOME>&apos;\&apos;(-inf-0.115686]\&apos;&apos;</OUTCOME>
<OUTCOME>&apos;\&apos;(0.115686-0.337255]\&apos;&apos;</OUTCOME>
<OUTCOME>&apos;\&apos;(0.337255-inf)\&apos;&apos;</OUTCOME>
</VARIABLE>
<VARIABLE TYPE="nature">
<NAME>pixel41</NAME>
<OUTCOME>&apos;\&apos;(-inf-0.030882]\&apos;&apos;</OUTCOME>
<OUTCOME>&apos;\&apos;(0.030882-0.286275]\&apos;&apos;</OUTCOME>
<OUTCOME>&apos;\&apos;(0.286275-0.971078]\&apos;&apos;</OUTCOME>
<OUTCOME>&apos;\&apos;(0.971078-inf)\&apos;&apos;</OUTCOME>
</VARIABLE>
<VARIABLE TYPE="nature">
<NAME>pixel42</NAME>
<OUTCOME>&apos;\&apos;(-inf-0.434314]\&apos;&apos;</OUTCOME>
<OUTCOME>&apos;\&apos;(0.434314-0.981373]\&apos;&apos;</OUTCOME>
<OUTCOME>&apos;\&apos;(0.981373-inf)\&apos;&apos;</OUTCOME>
</VARIABLE>
<VARIABLE TYPE="nature">
<NAME>pixel43</NAME>
<OUTCOME>&apos;\&apos;(-inf-0.00049]\&apos;&apos;</OUTCOME>
<OUTCOME>&apos;\&apos;(0.00049-0.187255]\&apos;&apos;</OUTCOME>
<OUTCOME>&apos;\&apos;(0.187255-0.604902]\&apos;&apos;</OUTCOME>
<OUTCOME>&apos;\&apos;(0.604902-0.971569]\&apos;&apos;</OUTCOME>
<OUTCOME>&apos;\&apos;(0.971569-inf)\&apos;&apos;</OUTCOME>
</VARIABLE>
<VARIABLE TYPE="nature">
<NAME>pixel44</NAME>
<OUTCOME>&apos;\&apos;(-inf-0.155882]\&apos;&apos;</OUTCOME>
<OUTCOME>&apos;\&apos;(0.155882-0.512255]\&apos;&apos;</OUTCOME>
<OUTCOME>&apos;\&apos;(0.512255-0.962255]\&apos;&apos;</OUTCOME>
<OUTCOME>&apos;\&apos;(0.962255-inf)\&apos;&apos;</OUTCOME>
</VARIABLE>
<VARIABLE TYPE="nature">
<NAME>pixel45</NAME>
<OUTCOME>&apos;\&apos;(-inf-0.122059]\&apos;&apos;</OUTCOME>
<OUTCOME>&apos;\&apos;(0.122059-0.523529]\&apos;&apos;</OUTCOME>
<OUTCOME>&apos;\&apos;(0.523529-0.978922]\&apos;&apos;</OUTCOME>
<OUTCOME>&apos;\&apos;(0.978922-inf)\&apos;&apos;</OUTCOME>
</VARIABLE>
<VARIABLE TYPE="nature">
<NAME>pixel46</NAME>
<OUTCOME>&apos;\&apos;(-inf-0.093137]\&apos;&apos;</OUTCOME>
<OUTCOME>&apos;\&apos;(0.093137-0.542157]\&apos;&apos;</OUTCOME>
<OUTCOME>&apos;\&apos;(0.542157-inf)\&apos;&apos;</OUTCOME>
</VARIABLE>
<VARIABLE TYPE="nature">
<NAME>pixel47</NAME>
<OUTCOME>&apos;\&apos;(-inf-0.089216]\&apos;&apos;</OUTCOME>
<OUTCOME>&apos;\&apos;(0.089216-0.429412]\&apos;&apos;</OUTCOME>
<OUTCOME>&apos;\&apos;(0.429412-inf)\&apos;&apos;</OUTCOME>
</VARIABLE>
<VARIABLE TYPE="nature">
<NAME>pixel48</NAME>
<OUTCOME>&apos;\&apos;(-inf-0.10098]\&apos;&apos;</OUTCOME>
<OUTCOME>&apos;\&apos;(0.10098-0.535784]\&apos;&apos;</OUTCOME>
<OUTCOME>&apos;\&apos;(0.535784-inf)\&apos;&apos;</OUTCOME>
</VARIABLE>
<VARIABLE TYPE="nature">
<NAME>pixel49</NAME>
<OUTCOME>&apos;\&apos;(-inf-0.103431]\&apos;&apos;</OUTCOME>
<OUTCOME>&apos;\&apos;(0.103431-0.461765]\&apos;&apos;</OUTCOME>
<OUTCOME>&apos;\&apos;(0.461765-0.775]\&apos;&apos;</OUTCOME>
<OUTCOME>&apos;\&apos;(0.775-inf)\&apos;&apos;</OUTCOME>
</VARIABLE>
<VARIABLE TYPE="nature">
<NAME>pixel50</NAME>
<OUTCOME>&apos;\&apos;(-inf-0.326471]\&apos;&apos;</OUTCOME>
<OUTCOME>&apos;\&apos;(0.326471-0.578922]\&apos;&apos;</OUTCOME>
<OUTCOME>&apos;\&apos;(0.578922-0.631863]\&apos;&apos;</OUTCOME>
<OUTCOME>&apos;\&apos;(0.631863-0.77549]\&apos;&apos;</OUTCOME>
<OUTCOME>&apos;\&apos;(0.77549-inf)\&apos;&apos;</OUTCOME>
</VARIABLE>
<VARIABLE TYPE="nature">
<NAME>pixel51</NAME>
<OUTCOME>&apos;\&apos;(-inf-0.430882]\&apos;&apos;</OUTCOME>
<OUTCOME>&apos;\&apos;(0.430882-0.614706]\&apos;&apos;</OUTCOME>
<OUTCOME>&apos;\&apos;(0.614706-0.745098]\&apos;&apos;</OUTCOME>
<OUTCOME>&apos;\&apos;(0.745098-inf)\&apos;&apos;</OUTCOME>
</VARIABLE>
<VARIABLE TYPE="nature">
<NAME>pixel52</NAME>
<OUTCOME>&apos;\&apos;(-inf-0.465686]\&apos;&apos;</OUTCOME>
<OUTCOME>&apos;\&apos;(0.465686-0.638725]\&apos;&apos;</OUTCOME>
<OUTCOME>&apos;\&apos;(0.638725-0.772059]\&apos;&apos;</OUTCOME>
<OUTCOME>&apos;\&apos;(0.772059-inf)\&apos;&apos;</OUTCOME>
</VARIABLE>
<VARIABLE TYPE="nature">
<NAME>pixel53</NAME>
<OUTCOME>&apos;\&apos;(-inf-0.459804]\&apos;&apos;</OUTCOME>
<OUTCOME>&apos;\&apos;(0.459804-0.684804]\&apos;&apos;</OUTCOME>
<OUTCOME>&apos;\&apos;(0.684804-0.79902]\&apos;&apos;</OUTCOME>
<OUTCOME>&apos;\&apos;(0.79902-inf)\&apos;&apos;</OUTCOME>
</VARIABLE>
<VARIABLE TYPE="nature">
<NAME>pixel54</NAME>
<OUTCOME>&apos;\&apos;(-inf-0.385294]\&apos;&apos;</OUTCOME>
<OUTCOME>&apos;\&apos;(0.385294-0.57598]\&apos;&apos;</OUTCOME>
<OUTCOME>&apos;\&apos;(0.57598-0.768137]\&apos;&apos;</OUTCOME>
<OUTCOME>&apos;\&apos;(0.768137-inf)\&apos;&apos;</OUTCOME>
</VARIABLE>
<VARIABLE TYPE="nature">
<NAME>pixel55</NAME>
<OUTCOME>&apos;\&apos;(-inf-0.34951]\&apos;&apos;</OUTCOME>
<OUTCOME>&apos;\&apos;(0.34951-0.573529]\&apos;&apos;</OUTCOME>
<OUTCOME>&apos;\&apos;(0.573529-0.763235]\&apos;&apos;</OUTCOME>
<OUTCOME>&apos;\&apos;(0.763235-inf)\&apos;&apos;</OUTCOME>
</VARIABLE>
<VARIABLE TYPE="nature">
<NAME>pixel56</NAME>
<OUTCOME>&apos;\&apos;(-inf-0.427451]\&apos;&apos;</OUTCOME>
<OUTCOME>&apos;\&apos;(0.427451-0.610784]\&apos;&apos;</OUTCOME>
<OUTCOME>&apos;\&apos;(0.610784-0.780392]\&apos;&apos;</OUTCOME>
<OUTCOME>&apos;\&apos;(0.780392-inf)\&apos;&apos;</OUTCOME>
</VARIABLE>
<VARIABLE TYPE="nature">
<NAME>pixel57</NAME>
<OUTCOME>&apos;\&apos;(-inf-0.455882]\&apos;&apos;</OUTCOME>
<OUTCOME>&apos;\&apos;(0.455882-0.577941]\&apos;&apos;</OUTCOME>
<OUTCOME>&apos;\&apos;(0.577941-0.741667]\&apos;&apos;</OUTCOME>
<OUTCOME>&apos;\&apos;(0.741667-inf)\&apos;&apos;</OUTCOME>
</VARIABLE>
<VARIABLE TYPE="nature">
<NAME>pixel58</NAME>
<OUTCOME>&apos;\&apos;(-inf-0.414706]\&apos;&apos;</OUTCOME>
<OUTCOME>&apos;\&apos;(0.414706-0.620098]\&apos;&apos;</OUTCOME>
<OUTCOME>&apos;\&apos;(0.620098-0.767157]\&apos;&apos;</OUTCOME>
<OUTCOME>&apos;\&apos;(0.767157-inf)\&apos;&apos;</OUTCOME>
</VARIABLE>
<VARIABLE TYPE="nature">
<NAME>pixel59</NAME>
<OUTCOME>&apos;\&apos;(-inf-0.45]\&apos;&apos;</OUTCOME>
<OUTCOME>&apos;\&apos;(0.45-0.614216]\&apos;&apos;</OUTCOME>
<OUTCOME>&apos;\&apos;(0.614216-0.765686]\&apos;&apos;</OUTCOME>
<OUTCOME>&apos;\&apos;(0.765686-inf)\&apos;&apos;</OUTCOME>
</VARIABLE>
<VARIABLE TYPE="nature">
<NAME>pixel60</NAME>
<OUTCOME>&apos;\&apos;(-inf-0.242157]\&apos;&apos;</OUTCOME>
<OUTCOME>&apos;\&apos;(0.242157-0.481863]\&apos;&apos;</OUTCOME>
<OUTCOME>&apos;\&apos;(0.481863-0.67549]\&apos;&apos;</OUTCOME>
<OUTCOME>&apos;\&apos;(0.67549-0.822059]\&apos;&apos;</OUTCOME>
<OUTCOME>&apos;\&apos;(0.822059-inf)\&apos;&apos;</OUTCOME>
</VARIABLE>
<VARIABLE TYPE="nature">
<NAME>pixel61</NAME>
<OUTCOME>&apos;\&apos;(-inf-0.24951]\&apos;&apos;</OUTCOME>
<OUTCOME>&apos;\&apos;(0.24951-0.485294]\&apos;&apos;</OUTCOME>
<OUTCOME>&apos;\&apos;(0.485294-0.652941]\&apos;&apos;</OUTCOME>
<OUTCOME>&apos;\&apos;(0.652941-0.775]\&apos;&apos;</OUTCOME>
<OUTCOME>&apos;\&apos;(0.775-inf)\&apos;&apos;</OUTCOME>
</VARIABLE>
<VARIABLE TYPE="nature">
<NAME>pixel62</NAME>
<OUTCOME>&apos;\&apos;(-inf-0.448039]\&apos;&apos;</OUTCOME>
<OUTCOME>&apos;\&apos;(0.448039-0.685294]\&apos;&apos;</OUTCOME>
<OUTCOME>&apos;\&apos;(0.685294-0.789216]\&apos;&apos;</OUTCOME>
<OUTCOME>&apos;\&apos;(0.789216-inf)\&apos;&apos;</OUTCOME>
</VARIABLE>
<VARIABLE TYPE="nature">
<NAME>pixel63</NAME>
<OUTCOME>&apos;\&apos;(-inf-0.428922]\&apos;&apos;</OUTCOME>
<OUTCOME>&apos;\&apos;(0.428922-0.598039]\&apos;&apos;</OUTCOME>
<OUTCOME>&apos;\&apos;(0.598039-0.75]\&apos;&apos;</OUTCOME>
<OUTCOME>&apos;\&apos;(0.75-inf)\&apos;&apos;</OUTCOME>
</VARIABLE>
<VARIABLE TYPE="nature">
<NAME>pixel64</NAME>
<OUTCOME>&apos;\&apos;(-inf-0.385294]\&apos;&apos;</OUTCOME>
<OUTCOME>&apos;\&apos;(0.385294-0.57598]\&apos;&apos;</OUTCOME>
<OUTCOME>&apos;\&apos;(0.57598-0.768137]\&apos;&apos;</OUTCOME>
<OUTCOME>&apos;\&apos;(0.768137-inf)\&apos;&apos;</OUTCOME>
</VARIABLE>
<VARIABLE TYPE="nature">
<NAME>pixel65</NAME>
<OUTCOME>&apos;\&apos;(-inf-0.347059]\&apos;&apos;</OUTCOME>
<OUTCOME>&apos;\&apos;(0.347059-0.642157]\&apos;&apos;</OUTCOME>
<OUTCOME>&apos;\&apos;(0.642157-0.79902]\&apos;&apos;</OUTCOME>
<OUTCOME>&apos;\&apos;(0.79902-inf)\&apos;&apos;</OUTCOME>
</VARIABLE>
<VARIABLE TYPE="nature">
<NAME>pixel66</NAME>
<OUTCOME>&apos;\&apos;(-inf-0.455882]\&apos;&apos;</OUTCOME>
<OUTCOME>&apos;\&apos;(0.455882-0.577941]\&apos;&apos;</OUTCOME>
<OUTCOME>&apos;\&apos;(0.577941-0.741667]\&apos;&apos;</OUTCOME>
<OUTCOME>&apos;\&apos;(0.741667-inf)\&apos;&apos;</OUTCOME>
</VARIABLE>
<VARIABLE TYPE="nature">
<NAME>pixel67</NAME>
<OUTCOME>&apos;\&apos;(-inf-0.358824]\&apos;&apos;</OUTCOME>
<OUTCOME>&apos;\&apos;(0.358824-0.635294]\&apos;&apos;</OUTCOME>
<OUTCOME>&apos;\&apos;(0.635294-0.725]\&apos;&apos;</OUTCOME>
<OUTCOME>&apos;\&apos;(0.725-inf)\&apos;&apos;</OUTCOME>
</VARIABLE>
<VARIABLE TYPE="nature">
<NAME>pixel68</NAME>
<OUTCOME>&apos;\&apos;(-inf-0.42598]\&apos;&apos;</OUTCOME>
<OUTCOME>&apos;\&apos;(0.42598-0.648039]\&apos;&apos;</OUTCOME>
<OUTCOME>&apos;\&apos;(0.648039-0.786275]\&apos;&apos;</OUTCOME>
<OUTCOME>&apos;\&apos;(0.786275-inf)\&apos;&apos;</OUTCOME>
</VARIABLE>
<VARIABLE TYPE="nature">
<NAME>pixel69</NAME>
<OUTCOME>&apos;\&apos;(-inf-0.188235]\&apos;&apos;</OUTCOME>
<OUTCOME>&apos;\&apos;(0.188235-0.429412]\&apos;&apos;</OUTCOME>
<OUTCOME>&apos;\&apos;(0.429412-0.602941]\&apos;&apos;</OUTCOME>
<OUTCOME>&apos;\&apos;(0.602941-0.716176]\&apos;&apos;</OUTCOME>
<OUTCOME>&apos;\&apos;(0.716176-0.793627]\&apos;&apos;</OUTCOME>
<OUTCOME>&apos;\&apos;(0.793627-inf)\&apos;&apos;</OUTCOME>
</VARIABLE>
<DEFINITION>
<FOR>emotion</FOR>
<TABLE>
0.13789680812161526 0.01495812074459749 0.14266808295749386 0.25080537029620215 0.17185296115067825 0.1699374858516029 0.11188117087781009 
</TABLE>
</DEFINITION>
<DEFINITION>
<FOR>pixel0</FOR>
<GIVEN>emotion</GIVEN>
<GIVEN>pixel4</GIVEN>
<TABLE>
0.9166666666666666 0.06782945736434108 0.009689922480620155 0.005813953488372093 
0.22601668404588113 0.6832638164754953 0.08159541188738269 0.009124087591240875 
0.019201228878648235 0.3602150537634409 0.5353302611367128 0.08525345622119816 
0.01842948717948718 0.10817307692307693 0.29246794871794873 0.5809294871794872 
0.875 0.09166666666666666 0.025 0.008333333333333333 
0.19144144144144143 0.6914414414414415 0.10585585585585586 0.01126126126126126 
0.03787878787878788 0.4772727272727273 0.4166666666666667 0.06818181818181818 
0.0056179775280898875 0.12921348314606743 0.3089887640449438 0.5561797752808989 
0.8624288425047438 0.1204933586337761 0.012333965844402278 0.004743833017077799 
0.1907530454042082 0.705703211517165 0.08942414174972314 0.014119601328903655 
0.014687100893997445 0.3186462324393359 0.5804597701149425 0.08620689655172414 
0.0025303643724696357 0.061234817813765184 0.284919028340081 0.6513157894736842 
0.8699705593719332 0.11530912659470069 0.009322865554465163 0.005397448478900883 
0.2183323649041255 0.6945090063916328 0.07655432887855898 0.010604299825682742 
0.0202991452991453 0.41346153846153844 0.4775641025641026 0.08867521367521368 
0.005580357142857143 0.10230654761904762 0.3084077380952381 0.5837053571428571 
0.8955128205128206 0.09294871794871795 0.004487179487179487 0.007051282051282051 
0.181156015037594 0.7281484962406015 0.07824248120300752 0.012453007518796992 
0.011931818181818182 0.26647727272727273 0.6323863636363637 0.08920454545454545 
0.00389948006932409 0.03596187175043328 0.20753899480069324 0.7525996533795494 
0.897887323943662 0.09406438631790745 0.005533199195171026 0.0025150905432595573 
0.20767252464637806 0.6988855550792971 0.08165452207458208 0.01178739819974282 
0.014644351464435146 0.301952580195258 0.5934449093444909 0.0899581589958159 
0.00771055753262159 0.06109134045077105 0.27105575326215897 0.6601423487544484 
0.8361111111111111 0.14722222222222223 0.013888888888888888 0.002777777777777778 
0.1258570029382958 0.7419196865817825 0.11900097943192949 0.013222331047992164 
6.954102920723226E-4 0.260778859527121 0.6015299026425591 0.13699582753824757 
0.001153846153846154 0.03884615384615384 0.21192307692307694 0.7480769230769231 
</TABLE>
</DEFINITION>
<DEFINITION>
<FOR>pixel1</FOR>
<GIVEN>emotion</GIVEN>
<GIVEN>pixel6</GIVEN>
<TABLE>
0.5508412582297001 0.4059985369422092 0.03145574250182882 0.010972933430870519 7.31528895391368E-4 
0.04211443508568109 0.48591344757478944 0.31397037467325006 0.14028463549230322 0.017717107173976183 
0.008989952406134321 0.07244843997884717 0.1792702273929138 0.6171337916446324 0.12215758857747223 
0.004042037186742118 0.016976556184316895 0.041228779304769606 0.25303152789005656 0.6847210994341147 
0.34831460674157305 0.550561797752809 0.056179775280898875 0.011235955056179775 0.033707865168539325 
0.008174386920980926 0.5258855585831063 0.3460490463215259 0.11171662125340599 0.008174386920980926 
0.004149377593360996 0.029045643153526972 0.16182572614107885 0.6182572614107884 0.18672199170124482 
0.0055248618784530384 0.016574585635359115 0.049723756906077346 0.27071823204419887 0.6574585635359116 
0.5120925341745531 0.434279705573081 0.026288117770767613 0.019978969505783387 0.007360672975814932 
0.03278156442713405 0.4196689386562804 0.3463161311262577 0.18208373904576436 0.019149626744563452 
0.005790645879732739 0.04320712694877506 0.13674832962138084 0.6632516703786192 0.1510022271714922 
5.167958656330749E-4 0.006718346253229974 0.02635658914728682 0.22790697674418606 0.7385012919896641 
0.4602587800369686 0.4959950708564387 0.024029574861367836 0.0166358595194085 0.0030807147258163892 
0.04223107569721116 0.501195219123506 0.2866932270916335 0.15346613545816734 0.016414342629482073 
0.002956194571351787 0.07551733404998656 0.17387798978769148 0.6361193227626982 0.11152915882827197 
0.0017838030681412772 0.018194791295041028 0.02104887620406707 0.28719229397074564 0.671780235462005 
0.5397683397683398 0.43166023166023165 0.013127413127413128 0.010038610038610039 0.005405405405405406 
0.027857328820619632 0.476178078625358 0.3069513147617808 0.17781827649049728 0.011195001301744337 
0.002812374447569305 0.0325431900361591 0.10405785456006428 0.7139413419043793 0.14664523905182805 
0.0013256738842244808 0.004860804242156429 0.018117543084401236 0.15687140963323024 0.8188245691559877 
0.5330649798734906 0.418056354226567 0.029327199539965498 0.017826336975273145 0.0017251293847038527 
0.0268344811208739 0.5108050344336262 0.3013535977202565 0.14794585609118974 0.013061030634053668 
0.001364256480218281 0.058663028649386086 0.14415643474306503 0.6543883583447021 0.14142792178262847 
0.001841620626151013 0.015346838551258441 0.03376304481276857 0.20933087783916512 0.7397176181706568 
0.46472019464720193 0.4793187347931874 0.031630170316301706 0.012165450121654502 0.012165450121654502 
0.01579871269748391 0.42422469280280867 0.3387946167349327 0.20889409011117613 0.012287887653598596 
0.001564945226917058 0.019300991131977047 0.1444966092853417 0.6880542514345331 0.1465832029212311 
4.154549231408392E-4 0.003739094308267553 0.011217282924802658 0.15579559617781472 0.8288325716659742 
</TABLE>
</DEFINITION>
<DEFINITION>
<FOR>pixel2</FOR>
<GIVEN>emotion</GIVEN>
<GIVEN>pixel7</GIVEN>
<TABLE>
0.7259713701431493 0.20245398773006135 0.06748466257668712 0.002044989775051125 0.002044989775051125 
0.13760556383507203 0.4644808743169399 0.381023348236463 0.006458022851465474 0.010432190760059613 
0.014530190506942202 0.06490151759767517 0.7416855020988053 0.1566031643525993 0.022279625443978043 
0.00759144237405107 0.020013802622498276 0.30434782608695654 0.4451345755693582 0.22291235334713597 
0.00782122905027933 0.01452513966480447 0.09050279329608939 0.1329608938547486 0.7541899441340782 
0.6 0.12 0.2 0.04 0.04 
0.09644670050761421 0.4619289340101523 0.39086294416243655 0.025380710659898477 0.025380710659898477 
0.008403361344537815 0.08683473389355742 0.6974789915966386 0.17647058823529413 0.03081232492997199 
0.0053475935828877 0.016042780748663103 0.28342245989304815 0.34759358288770054 0.34759358288770054 
0.008547008547008548 0.008547008547008548 0.1794871794871795 0.1452991452991453 0.6581196581196581 
0.6809116809116809 0.23646723646723647 0.06552706552706553 0.014245014245014245 0.002849002849002849 
0.08232291001914487 0.4843650287172942 0.41033822590938096 0.012125079770261647 0.010848755583918315 
0.008369601606963508 0.07063943756277201 0.7435554067626381 0.136926682289923 0.04050887177770338 
0.0038064165307232192 0.021207177814029365 0.2365415986949429 0.5106035889070146 0.22784121805328983 
0.002036659877800407 0.002036659877800407 0.04276985743380855 0.14596062457569586 0.8071961982348947 
0.6676056338028169 0.2676056338028169 0.05352112676056338 0.0028169014084507044 0.008450704225352112 
0.06688632619439869 0.46095551894563425 0.4497528830313015 0.016803953871499175 0.005601317957166392 
0.0072992700729927005 0.06604949261171444 0.7682036674381343 0.13797400747730104 0.020473562399857575 
0.0033222591362126247 0.014799154334038054 0.29507701600724856 0.4714587737843552 0.21534279673814558 
0.002370791844476055 0.002370791844476055 0.08297771455666192 0.15979137031768612 0.7524893314366998 
0.7011494252873564 0.2367816091954023 0.052873563218390804 0.006896551724137931 0.0022988505747126436 
0.08155255124291322 0.5098124727431312 0.3885739206279983 0.016136066288704752 0.0039249890972525075 
0.009061677871967261 0.05583162817889506 0.7795966091786027 0.12832505115463314 0.027185033615901782 
0.0024096385542168677 0.014939759036144579 0.22698795180722892 0.5257831325301204 0.22987951807228915 
5.991611743559018E-4 0.004194128220491312 0.046135410425404436 0.11204313960455363 0.8370281605751947 
0.7386569872958257 0.20871143375680581 0.041742286751361164 0.009074410163339383 0.0018148820326678765 
0.10441924129839655 0.509581540868205 0.3664450527962456 0.01368791552600704 0.005866249511145874 
0.012838022398251844 0.07948647910406993 0.7377765637803879 0.14449603933351543 0.025402895383774923 
0.0028653295128939827 0.013180515759312322 0.2332378223495702 0.49799426934097424 0.25272206303724926 
7.880220646178094E-4 0.005516154452324665 0.07328605200945626 0.11899133175728921 0.8014184397163121 
0.6974789915966386 0.19327731092436976 0.07563025210084033 0.008403361344537815 0.025210084033613446 
0.07560627674750357 0.4693295292439372 0.41512125534950073 0.029957203994293864 0.009985734664764621 
0.009066666666666667 0.06346666666666667 0.7568 0.1488 0.021866666666666666 
0.0016675931072818232 0.008337965536409116 0.20400222345747637 0.5519733185102835 0.2340188993885492 
5.115089514066496E-4 0.0076726342710997444 0.02710997442455243 0.10281329923273658 0.8618925831202046 
</TABLE>
</DEFINITION>
<DEFINITION>
<FOR>pixel3</FOR>
<GIVEN>emotion</GIVEN>
<GIVEN>pixel0</GIVEN>
<TABLE>
0.8084832904884319 0.16666666666666666 0.020137103684661525 0.004712939160239932 
0.13783783783783785 0.675975975975976 0.17747747747747747 0.008708708708708709 
0.029496402877697843 0.17338129496402876 0.6726618705035972 0.12446043165467625 
0.007954545454545454 0.060227272727272727 0.25113636363636366 0.6806818181818182 
0.8316326530612245 0.15816326530612246 0.00510204081632653 0.00510204081632653 
0.07673267326732673 0.6905940594059405 0.22524752475247525 0.007425742574257425 
0.05625 0.10625 0.59375 0.24375 
0.043859649122807015 0.043859649122807015 0.2894736842105263 0.6228070175438597 
0.7693726937269373 0.1998769987699877 0.027675276752767528 0.003075030750307503 
0.11862864077669903 0.6914441747572816 0.17141990291262135 0.018507281553398057 
0.009402654867256638 0.1863938053097345 0.6764380530973452 0.1277654867256637 
0.0033829499323410014 0.03450608930987822 0.2861975642760487 0.6759133964817321 
0.7589605734767025 0.22192353643966548 0.016427718040621268 0.002688172043010753 
0.13623682579045257 0.689863608183509 0.16165530068195907 0.012244265344079356 
0.023932253313696614 0.23895434462444773 0.6388070692194403 0.09830633284241531 
0.008937960042060988 0.052050473186119876 0.33385909568874866 0.6051524710830705 
0.7939035486806187 0.19335759781619655 0.012283894449499545 4.5495905368516835E-4 
0.09773445732349842 0.7057428872497366 0.18993677555321392 0.006585879873551107 
0.013975155279503106 0.12991718426501034 0.7593167701863354 0.09679089026915114 
0.002553626149131767 0.02502553626149132 0.20275791624106232 0.7696629213483146 
0.7973457675753228 0.18615494978479197 0.011119081779053085 0.005380200860832138 
0.13428714859437751 0.6900100401606426 0.15938755020080322 0.01631526104417671 
0.017058823529411765 0.1864705882352941 0.678235294117647 0.11823529411764706 
0.0069124423963133645 0.04685099846390169 0.23886328725038403 0.7073732718894009 
0.7775800711743772 0.20106761565836298 0.012455516014234875 0.008896797153024912 
0.08268101761252446 0.6863992172211351 0.21771037181996086 0.013209393346379647 
0.0078125 0.12920673076923078 0.7710336538461539 0.09194711538461539 
0.004147465437788019 0.02534562211981567 0.21705069124423962 0.7534562211981567 
</TABLE>
</DEFINITION>
<DEFINITION>
<FOR>pixel4</FOR>
<GIVEN>emotion</GIVEN>
<GIVEN>pixel7</GIVEN>
<TABLE>
0.8913934426229508 0.10040983606557377 0.006147540983606557 0.0020491803278688526 
0.45974155069582506 0.5114314115308151 0.018389662027833 0.010437375745526839 
0.05135658914728682 0.7348191214470284 0.15213178294573643 0.061692506459948324 
0.014502762430939226 0.2755524861878453 0.44129834254143646 0.268646408839779 
0.010067114093959731 0.09507829977628636 0.17114093959731544 0.7237136465324385 
0.625 0.2916666666666667 0.041666666666666664 0.041666666666666664 
0.42346938775510207 0.5561224489795918 0.015306122448979591 0.00510204081632653 
0.05337078651685393 0.6882022471910112 0.17696629213483145 0.08146067415730338 
0.016129032258064516 0.3924731182795699 0.2849462365591398 0.3064516129032258 
0.008620689655172414 0.09482758620689655 0.11206896551724138 0.7844827586206896 
0.8714285714285714 0.11714285714285715 0.002857142857142857 0.008571428571428572 
0.3710089399744572 0.5791826309067688 0.03639846743295019 0.013409961685823755 
0.049229738780977896 0.7109845947756196 0.18385800401875418 0.05592766242464836 
0.008161044613710556 0.24755168661588683 0.4249183895538629 0.3193688792165397 
0.004755434782608696 0.059103260869565216 0.12160326086956522 0.8145380434782609 
0.940677966101695 0.05367231638418079 0.002824858757062147 0.002824858757062147 
0.45978905735003295 0.525708635464733 0.012195121951219513 0.0023071852340145024 
0.051103988603988605 0.7476851851851852 0.17396723646723647 0.027243589743589744 
0.005740181268882176 0.27885196374622356 0.44561933534743203 0.26978851963746225 
0.0023719165085388993 0.0706831119544592 0.1513282732447818 0.7756166982922201 
0.923963133640553 0.07142857142857142 0.002304147465437788 0.002304147465437788 
0.4349912739965096 0.5405759162303665 0.02050610820244328 0.003926701570680628 
0.04064327485380117 0.7213450292397661 0.1868421052631579 0.05116959064327485 
0.007232401157184185 0.2078109932497589 0.45564127290260364 0.3293153326904532 
0.00539568345323741 0.053357314148681056 0.07733812949640288 0.8639088729016786 
0.9218181818181819 0.07090909090909091 0.005454545454545455 0.0018181818181818182 
0.47456964006259783 0.5035211267605634 0.012910798122065728 0.008998435054773083 
0.06256830601092896 0.7609289617486339 0.14234972677595628 0.03415300546448088 
0.01548165137614679 0.2631880733944954 0.4111238532110092 0.31020642201834864 
0.01025236593059937 0.07649842271293375 0.12697160883280756 0.7862776025236593 
0.6864406779661016 0.2457627118644068 0.00847457627118644 0.059322033898305086 
0.31857142857142856 0.6357142857142857 0.03571428571428571 0.01 
0.027214514407684097 0.6632870864461046 0.23745997865528282 0.0720384204909285 
0.0027808676307007787 0.1507230255839822 0.4432703003337041 0.4032258064516129 
5.117707267144319E-4 0.028147389969293755 0.08751279426816785 0.8838280450358239 
</TABLE>
</DEFINITION>
<DEFINITION>
<FOR>pixel5</FOR>
<GIVEN>emotion</GIVEN>
<GIVEN>pixel1</GIVEN>
<TABLE>
0.28152173913043477 0.5032608695652174 0.17717391304347826 0.03804347826086957 
0.10352053646269908 0.5251466890192791 0.298826487845767 0.07250628667225482 
0.0416116248348745 0.34015852047556144 0.5092470277410832 0.10898282694848084 
0.029828109201213347 0.20171890798786654 0.48887765419615775 0.27957532861476236 
0.02543859649122807 0.1570175438596491 0.29736842105263156 0.5201754385964912 
0.08333333333333333 0.6944444444444444 0.08333333333333333 0.1388888888888889 
0.04365079365079365 0.623015873015873 0.26587301587301587 0.06746031746031746 
0.016666666666666666 0.2833333333333333 0.6055555555555555 0.09444444444444444 
0.0125 0.1625 0.5291666666666667 0.29583333333333334 
0.0058823529411764705 0.1588235294117647 0.3235294117647059 0.5117647058823529 
0.15780730897009967 0.5465116279069767 0.24086378737541528 0.054817275747508304 
0.05671806167400881 0.5225770925110133 0.3397577092511013 0.08094713656387666 
0.02689655172413793 0.30137931034482757 0.5206896551724138 0.1510344827586207 
0.017928286852589643 0.19800796812749005 0.49760956175298804 0.2864541832669323 
0.019083969465648856 0.1183206106870229 0.29171210468920394 0.5708833151581243 
0.17412451361867703 0.5963035019455253 0.18385214007782102 0.04571984435797665 
0.043204110228865014 0.5224194301728164 0.38276506305464736 0.05161139654367118 
0.025550314465408806 0.30542452830188677 0.5483490566037735 0.12067610062893082 
0.0122537241710716 0.16122056703507928 0.5427679000480539 0.2837578087457953 
0.008728179551122194 0.0968412302576891 0.32128013300083125 0.5731504571903574 
0.21200980392156862 0.5870098039215687 0.1556372549019608 0.04534313725490196 
0.03669354838709677 0.6076612903225806 0.2931451612903226 0.0625 
0.03943850267379679 0.35093582887700536 0.5127005347593583 0.09692513368983957 
0.018033946251768036 0.19413012729844414 0.5442008486562943 0.24363507779349364 
0.010141093474426807 0.09126984126984126 0.33201058201058203 0.5665784832451499 
0.26673040152963673 0.4980879541108987 0.1711281070745698 0.06405353728489484 
0.06233509234828496 0.5596965699208444 0.3070580474934037 0.07091029023746702 
0.04196217494089834 0.37174940898345155 0.47458628841607564 0.11170212765957446 
0.031635168447000823 0.22226787181594085 0.5082169268693508 0.23788003286770748 
0.022236340533672173 0.150571791613723 0.3170266836086404 0.5101651842439644 
0.15765765765765766 0.5 0.26576576576576577 0.07657657657657657 
0.0506198347107438 0.42665289256198347 0.4018595041322314 0.12086776859504132 
0.0234375 0.21986607142857142 0.5792410714285714 0.17745535714285715 
0.022859922178988325 0.17363813229571984 0.5413424124513618 0.26215953307393 
0.01259774109470026 0.07515204170286707 0.3045178105994787 0.6077324066029539 
</TABLE>
</DEFINITION>
<DEFINITION>
<FOR>pixel6</FOR>
<GIVEN>emotion</GIVEN>
<GIVEN>pixel58</GIVEN>
<TABLE>
0.43505747126436783 0.4304597701149425 0.0925287356321839 0.04195402298850575 
0.1761182108626198 0.5850638977635783 0.19129392971246006 0.04752396166134185 
0.04976744186046512 0.42930232558139536 0.3893023255813953 0.13162790697674417 
0.03961038961038961 0.19805194805194806 0.2681818181818182 0.4941558441558442 
0.33098591549295775 0.528169014084507 0.04929577464788732 0.09154929577464789 
0.07251908396946564 0.583969465648855 0.2633587786259542 0.08015267175572519 
