<?xml version="1.0"?>
<!-- DTD for the XMLBIF 0.3 format -->
<!DOCTYPE BIF [
	<!ELEMENT BIF ( NETWORK )*>
	      <!ATTLIST BIF VERSION CDATA #REQUIRED>
	<!ELEMENT NETWORK ( NAME, ( PROPERTY | VARIABLE | DEFINITION )* )>
	<!ELEMENT NAME (#PCDATA)>
	<!ELEMENT VARIABLE ( NAME, ( OUTCOME |  PROPERTY )* ) >
	      <!ATTLIST VARIABLE TYPE (nature|decision|utility) "nature">
	<!ELEMENT OUTCOME (#PCDATA)>
	<!ELEMENT DEFINITION ( FOR | GIVEN | TABLE | PROPERTY )* >
	<!ELEMENT FOR (#PCDATA)>
	<!ELEMENT GIVEN (#PCDATA)>
	<!ELEMENT TABLE (#PCDATA)>
	<!ELEMENT PROPERTY (#PCDATA)>
]>


<BIF VERSION="0.3">
<NETWORK>
<NAME>faces-weka.filters.supervised.attribute.Discretize-Rfirst-last-precision6-weka.filters.unsupervised.attribute.ReplaceMissingValues</NAME>
<VARIABLE TYPE="nature">
<NAME>emotion</NAME>
<OUTCOME>angry</OUTCOME>
<OUTCOME>disgust</OUTCOME>
<OUTCOME>fear</OUTCOME>
<OUTCOME>happy</OUTCOME>
<OUTCOME>neutral</OUTCOME>
<OUTCOME>sad</OUTCOME>
<OUTCOME>surprise</OUTCOME>
</VARIABLE>
<VARIABLE TYPE="nature">
<NAME>pixel0</NAME>
<OUTCOME>&apos;\&apos;(-inf-0.448039]\&apos;&apos;</OUTCOME>
<OUTCOME>&apos;\&apos;(0.448039-0.685294]\&apos;&apos;</OUTCOME>
<OUTCOME>&apos;\&apos;(0.685294-0.789216]\&apos;&apos;</OUTCOME>
<OUTCOME>&apos;\&apos;(0.789216-inf)\&apos;&apos;</OUTCOME>
</VARIABLE>
<VARIABLE TYPE="nature">
<NAME>pixel1</NAME>
<OUTCOME>&apos;\&apos;(-inf-0.288725]\&apos;&apos;</OUTCOME>
<OUTCOME>&apos;\&apos;(0.288725-0.52451]\&apos;&apos;</OUTCOME>
<OUTCOME>&apos;\&apos;(0.52451-0.620098]\&apos;&apos;</OUTCOME>
<OUTCOME>&apos;\&apos;(0.620098-0.764216]\&apos;&apos;</OUTCOME>
<OUTCOME>&apos;\&apos;(0.764216-inf)\&apos;&apos;</OUTCOME>
</VARIABLE>
<VARIABLE TYPE="nature">
<NAME>pixel2</NAME>
<OUTCOME>&apos;\&apos;(-inf-0.230882]\&apos;&apos;</OUTCOME>
<OUTCOME>&apos;\&apos;(0.230882-0.40098]\&apos;&apos;</OUTCOME>
<OUTCOME>&apos;\&apos;(0.40098-0.661765]\&apos;&apos;</OUTCOME>
<OUTCOME>&apos;\&apos;(0.661765-0.757353]\&apos;&apos;</OUTCOME>
<OUTCOME>&apos;\&apos;(0.757353-inf)\&apos;&apos;</OUTCOME>
</VARIABLE>
<VARIABLE TYPE="nature">
<NAME>pixel3</NAME>
<OUTCOME>&apos;\&apos;(-inf-0.42598]\&apos;&apos;</OUTCOME>
<OUTCOME>&apos;\&apos;(0.42598-0.648039]\&apos;&apos;</OUTCOME>
<OUTCOME>&apos;\&apos;(0.648039-0.786275]\&apos;&apos;</OUTCOME>
<OUTCOME>&apos;\&apos;(0.786275-inf)\&apos;&apos;</OUTCOME>
</VARIABLE>
<VARIABLE TYPE="nature">
<NAME>pixel4</NAME>
<OUTCOME>&apos;\&apos;(-inf-0.408824]\&apos;&apos;</OUTCOME>
<OUTCOME>&apos;\&apos;(0.408824-0.696569]\&apos;&apos;</OUTCOME>
<OUTCOME>&apos;\&apos;(0.696569-0.783333]\&apos;&apos;</OUTCOME>
<OUTCOME>&apos;\&apos;(0.783333-inf)\&apos;&apos;</OUTCOME>
</VARIABLE>
<VARIABLE TYPE="nature">
<NAME>pixel5</NAME>
<OUTCOME>&apos;\&apos;(-inf-0.179412]\&apos;&apos;</OUTCOME>
<OUTCOME>&apos;\&apos;(0.179412-0.473529]\&apos;&apos;</OUTCOME>
<OUTCOME>&apos;\&apos;(0.473529-0.70049]\&apos;&apos;</OUTCOME>
<OUTCOME>&apos;\&apos;(0.70049-inf)\&apos;&apos;</OUTCOME>
</VARIABLE>
<VARIABLE TYPE="nature">
<NAME>pixel6</NAME>
<OUTCOME>&apos;\&apos;(-inf-0.378431]\&apos;&apos;</OUTCOME>
<OUTCOME>&apos;\&apos;(0.378431-0.656863]\&apos;&apos;</OUTCOME>
<OUTCOME>&apos;\&apos;(0.656863-0.779412]\&apos;&apos;</OUTCOME>
<OUTCOME>&apos;\&apos;(0.779412-inf)\&apos;&apos;</OUTCOME>
</VARIABLE>
<VARIABLE TYPE="nature">
<NAME>pixel7</NAME>
<OUTCOME>&apos;\&apos;(-inf-0.230392]\&apos;&apos;</OUTCOME>
<OUTCOME>&apos;\&apos;(0.230392-0.482353]\&apos;&apos;</OUTCOME>
<OUTCOME>&apos;\&apos;(0.482353-0.684314]\&apos;&apos;</OUTCOME>
<OUTCOME>&apos;\&apos;(0.684314-0.794608]\&apos;&apos;</OUTCOME>
<OUTCOME>&apos;\&apos;(0.794608-inf)\&apos;&apos;</OUTCOME>
</VARIABLE>
<VARIABLE TYPE="nature">
<NAME>pixel8</NAME>
<OUTCOME>&apos;\&apos;(-inf-0.47402]\&apos;&apos;</OUTCOME>
<OUTCOME>&apos;\&apos;(0.47402-0.7]\&apos;&apos;</OUTCOME>
<OUTCOME>&apos;\&apos;(0.7-0.796078]\&apos;&apos;</OUTCOME>
<OUTCOME>&apos;\&apos;(0.796078-inf)\&apos;&apos;</OUTCOME>
</VARIABLE>
<VARIABLE TYPE="nature">
<NAME>pixel9</NAME>
<OUTCOME>&apos;\&apos;(-inf-0.293137]\&apos;&apos;</OUTCOME>
<OUTCOME>&apos;\&apos;(0.293137-0.631863]\&apos;&apos;</OUTCOME>
<OUTCOME>&apos;\&apos;(0.631863-inf)\&apos;&apos;</OUTCOME>
</VARIABLE>
<VARIABLE TYPE="nature">
<NAME>pixel10</NAME>
<OUTCOME>&apos;\&apos;(-inf-0.170588]\&apos;&apos;</OUTCOME>
<OUTCOME>&apos;\&apos;(0.170588-0.601471]\&apos;&apos;</OUTCOME>
<OUTCOME>&apos;\&apos;(0.601471-inf)\&apos;&apos;</OUTCOME>
</VARIABLE>
<VARIABLE TYPE="nature">
<NAME>pixel11</NAME>
<OUTCOME>&apos;\&apos;(-inf-0.107353]\&apos;&apos;</OUTCOME>
<OUTCOME>&apos;\&apos;(0.107353-0.492157]\&apos;&apos;</OUTCOME>
<OUTCOME>&apos;\&apos;(0.492157-0.663235]\&apos;&apos;</OUTCOME>
<OUTCOME>&apos;\&apos;(0.663235-inf)\&apos;&apos;</OUTCOME>
</VARIABLE>
<VARIABLE TYPE="nature">
<NAME>pixel12</NAME>
<OUTCOME>&apos;\&apos;(-inf-0.505392]\&apos;&apos;</OUTCOME>
<OUTCOME>&apos;\&apos;(0.505392-inf)\&apos;&apos;</OUTCOME>
</VARIABLE>
<VARIABLE TYPE="nature">
<NAME>pixel13</NAME>
<OUTCOME>&apos;\&apos;(-inf-0.108824]\&apos;&apos;</OUTCOME>
<OUTCOME>&apos;\&apos;(0.108824-0.564706]\&apos;&apos;</OUTCOME>
<OUTCOME>&apos;\&apos;(0.564706-inf)\&apos;&apos;</OUTCOME>
</VARIABLE>
<VARIABLE TYPE="nature">
<NAME>pixel14</NAME>
<OUTCOME>&apos;\&apos;(-inf-0.152451]\&apos;&apos;</OUTCOME>
<OUTCOME>&apos;\&apos;(0.152451-0.585294]\&apos;&apos;</OUTCOME>
<OUTCOME>&apos;\&apos;(0.585294-inf)\&apos;&apos;</OUTCOME>
</VARIABLE>
<VARIABLE TYPE="nature">
<NAME>pixel15</NAME>
<OUTCOME>&apos;\&apos;(-inf-0.197059]\&apos;&apos;</OUTCOME>
<OUTCOME>&apos;\&apos;(0.197059-0.584314]\&apos;&apos;</OUTCOME>
<OUTCOME>&apos;\&apos;(0.584314-0.704902]\&apos;&apos;</OUTCOME>
<OUTCOME>&apos;\&apos;(0.704902-inf)\&apos;&apos;</OUTCOME>
</VARIABLE>
<VARIABLE TYPE="nature">
<NAME>pixel16</NAME>
<OUTCOME>&apos;\&apos;(-inf-0.318627]\&apos;&apos;</OUTCOME>
<OUTCOME>&apos;\&apos;(0.318627-0.589216]\&apos;&apos;</OUTCOME>
<OUTCOME>&apos;\&apos;(0.589216-0.706863]\&apos;&apos;</OUTCOME>
<OUTCOME>&apos;\&apos;(0.706863-inf)\&apos;&apos;</OUTCOME>
</VARIABLE>
<VARIABLE TYPE="nature">
<NAME>pixel17</NAME>
<OUTCOME>&apos;\&apos;(-inf-0.530392]\&apos;&apos;</OUTCOME>
<OUTCOME>&apos;\&apos;(0.530392-0.65049]\&apos;&apos;</OUTCOME>
<OUTCOME>&apos;\&apos;(0.65049-inf)\&apos;&apos;</OUTCOME>
</VARIABLE>
<VARIABLE TYPE="nature">
<NAME>pixel18</NAME>
<OUTCOME>&apos;\&apos;(-inf-0.567157]\&apos;&apos;</OUTCOME>
<OUTCOME>&apos;\&apos;(0.567157-0.716667]\&apos;&apos;</OUTCOME>
<OUTCOME>&apos;\&apos;(0.716667-inf)\&apos;&apos;</OUTCOME>
</VARIABLE>
<VARIABLE TYPE="nature">
<NAME>pixel19</NAME>
<OUTCOME>&apos;\&apos;(-inf-0.159314]\&apos;&apos;</OUTCOME>
<OUTCOME>&apos;\&apos;(0.159314-0.548529]\&apos;&apos;</OUTCOME>
<OUTCOME>&apos;\&apos;(0.548529-inf)\&apos;&apos;</OUTCOME>
</VARIABLE>
<VARIABLE TYPE="nature">
<NAME>pixel20</NAME>
<OUTCOME>&apos;\&apos;(-inf-0.017157]\&apos;&apos;</OUTCOME>
<OUTCOME>&apos;\&apos;(0.017157-0.733824]\&apos;&apos;</OUTCOME>
<OUTCOME>&apos;\&apos;(0.733824-0.972059]\&apos;&apos;</OUTCOME>
<OUTCOME>&apos;\&apos;(0.972059-inf)\&apos;&apos;</OUTCOME>
</VARIABLE>
<VARIABLE TYPE="nature">
<NAME>pixel21</NAME>
<OUTCOME>&apos;\&apos;(-inf-0.027941]\&apos;&apos;</OUTCOME>
<OUTCOME>&apos;\&apos;(0.027941-0.677941]\&apos;&apos;</OUTCOME>
<OUTCOME>&apos;\&apos;(0.677941-0.986765]\&apos;&apos;</OUTCOME>
<OUTCOME>&apos;\&apos;(0.986765-inf)\&apos;&apos;</OUTCOME>
</VARIABLE>
<VARIABLE TYPE="nature">
<NAME>pixel22</NAME>
<OUTCOME>&apos;\&apos;(-inf-0.606863]\&apos;&apos;</OUTCOME>
<OUTCOME>&apos;\&apos;(0.606863-0.976961]\&apos;&apos;</OUTCOME>
<OUTCOME>&apos;\&apos;(0.976961-inf)\&apos;&apos;</OUTCOME>
</VARIABLE>
<VARIABLE TYPE="nature">
<NAME>pixel23</NAME>
<OUTCOME>&apos;\&apos;(-inf-0.584314]\&apos;&apos;</OUTCOME>
<OUTCOME>&apos;\&apos;(0.584314-0.957353]\&apos;&apos;</OUTCOME>
<OUTCOME>&apos;\&apos;(0.957353-inf)\&apos;&apos;</OUTCOME>
</VARIABLE>
<VARIABLE TYPE="nature">
<NAME>pixel24</NAME>
<OUTCOME>&apos;\&apos;(-inf-0.585294]\&apos;&apos;</OUTCOME>
<OUTCOME>&apos;\&apos;(0.585294-0.985784]\&apos;&apos;</OUTCOME>
<OUTCOME>&apos;\&apos;(0.985784-inf)\&apos;&apos;</OUTCOME>
</VARIABLE>
<VARIABLE TYPE="nature">
<NAME>pixel25</NAME>
<OUTCOME>&apos;\&apos;(-inf-0.026961]\&apos;&apos;</OUTCOME>
<OUTCOME>&apos;\&apos;(0.026961-0.305392]\&apos;&apos;</OUTCOME>
<OUTCOME>&apos;\&apos;(0.305392-0.661765]\&apos;&apos;</OUTCOME>
<OUTCOME>&apos;\&apos;(0.661765-0.957353]\&apos;&apos;</OUTCOME>
<OUTCOME>&apos;\&apos;(0.957353-inf)\&apos;&apos;</OUTCOME>
</VARIABLE>
<VARIABLE TYPE="nature">
<NAME>pixel26</NAME>
<OUTCOME>&apos;\&apos;(-inf-0.630882]\&apos;&apos;</OUTCOME>
<OUTCOME>&apos;\&apos;(0.630882-0.970588]\&apos;&apos;</OUTCOME>
<OUTCOME>&apos;\&apos;(0.970588-inf)\&apos;&apos;</OUTCOME>
</VARIABLE>
<VARIABLE TYPE="nature">
<NAME>pixel27</NAME>
<OUTCOME>&apos;\&apos;(-inf-0.568137]\&apos;&apos;</OUTCOME>
<OUTCOME>&apos;\&apos;(0.568137-0.794608]\&apos;&apos;</OUTCOME>
<OUTCOME>&apos;\&apos;(0.794608-0.990686]\&apos;&apos;</OUTCOME>
<OUTCOME>&apos;\&apos;(0.990686-inf)\&apos;&apos;</OUTCOME>
</VARIABLE>
<VARIABLE TYPE="nature">
<NAME>pixel28</NAME>
<OUTCOME>&apos;\&apos;(-inf-0.553922]\&apos;&apos;</OUTCOME>
<OUTCOME>&apos;\&apos;(0.553922-0.74902]\&apos;&apos;</OUTCOME>
<OUTCOME>&apos;\&apos;(0.74902-0.983333]\&apos;&apos;</OUTCOME>
<OUTCOME>&apos;\&apos;(0.983333-inf)\&apos;&apos;</OUTCOME>
</VARIABLE>
<VARIABLE TYPE="nature">
<NAME>pixel29</NAME>
<OUTCOME>&apos;\&apos;(-inf-0.012255]\&apos;&apos;</OUTCOME>
<OUTCOME>&apos;\&apos;(0.012255-0.687255]\&apos;&apos;</OUTCOME>
<OUTCOME>&apos;\&apos;(0.687255-0.967647]\&apos;&apos;</OUTCOME>
<OUTCOME>&apos;\&apos;(0.967647-inf)\&apos;&apos;</OUTCOME>
</VARIABLE>
<VARIABLE TYPE="nature">
<NAME>pixel30</NAME>
<OUTCOME>&apos;\&apos;(-inf-0.133333]\&apos;&apos;</OUTCOME>
<OUTCOME>&apos;\&apos;(0.133333-0.215196]\&apos;&apos;</OUTCOME>
<OUTCOME>&apos;\&apos;(0.215196-0.420588]\&apos;&apos;</OUTCOME>
<OUTCOME>&apos;\&apos;(0.420588-0.621078]\&apos;&apos;</OUTCOME>
<OUTCOME>&apos;\&apos;(0.621078-inf)\&apos;&apos;</OUTCOME>
</VARIABLE>
<VARIABLE TYPE="nature">
<NAME>pixel31</NAME>
<OUTCOME>&apos;\&apos;(-inf-0.160784]\&apos;&apos;</OUTCOME>
<OUTCOME>&apos;\&apos;(0.160784-0.365686]\&apos;&apos;</OUTCOME>
<OUTCOME>&apos;\&apos;(0.365686-0.573529]\&apos;&apos;</OUTCOME>
<OUTCOME>&apos;\&apos;(0.573529-0.734804]\&apos;&apos;</OUTCOME>
<OUTCOME>&apos;\&apos;(0.734804-inf)\&apos;&apos;</OUTCOME>
</VARIABLE>
<VARIABLE TYPE="nature">
<NAME>pixel32</NAME>
<OUTCOME>&apos;\&apos;(-inf-0.194608]\&apos;&apos;</OUTCOME>
<OUTCOME>&apos;\&apos;(0.194608-0.286765]\&apos;&apos;</OUTCOME>
<OUTCOME>&apos;\&apos;(0.286765-0.492157]\&apos;&apos;</OUTCOME>
<OUTCOME>&apos;\&apos;(0.492157-inf)\&apos;&apos;</OUTCOME>
</VARIABLE>
<VARIABLE TYPE="nature">
<NAME>pixel33</NAME>
<OUTCOME>&apos;\&apos;(-inf-0.151961]\&apos;&apos;</OUTCOME>
<OUTCOME>&apos;\&apos;(0.151961-0.27549]\&apos;&apos;</OUTCOME>
<OUTCOME>&apos;\&apos;(0.27549-0.558824]\&apos;&apos;</OUTCOME>
<OUTCOME>&apos;\&apos;(0.558824-inf)\&apos;&apos;</OUTCOME>
</VARIABLE>
<VARIABLE TYPE="nature">
<NAME>pixel34</NAME>
<OUTCOME>&apos;\&apos;(-inf-0.161765]\&apos;&apos;</OUTCOME>
<OUTCOME>&apos;\&apos;(0.161765-0.402451]\&apos;&apos;</OUTCOME>
<OUTCOME>&apos;\&apos;(0.402451-0.571078]\&apos;&apos;</OUTCOME>
<OUTCOME>&apos;\&apos;(0.571078-inf)\&apos;&apos;</OUTCOME>
</VARIABLE>
<VARIABLE TYPE="nature">
<NAME>pixel35</NAME>
<OUTCOME>&apos;\&apos;(-inf-0.178922]\&apos;&apos;</OUTCOME>
<OUTCOME>&apos;\&apos;(0.178922-0.280882]\&apos;&apos;</OUTCOME>
<OUTCOME>&apos;\&apos;(0.280882-0.40098]\&apos;&apos;</OUTCOME>
<OUTCOME>&apos;\&apos;(0.40098-0.560294]\&apos;&apos;</OUTCOME>
<OUTCOME>&apos;\&apos;(0.560294-inf)\&apos;&apos;</OUTCOME>
</VARIABLE>
<VARIABLE TYPE="nature">
<NAME>pixel36</NAME>
<OUTCOME>&apos;\&apos;(-inf-0.177451]\&apos;&apos;</OUTCOME>
<OUTCOME>&apos;\&apos;(0.177451-0.455392]\&apos;&apos;</OUTCOME>
<OUTCOME>&apos;\&apos;(0.455392-0.542647]\&apos;&apos;</OUTCOME>
<OUTCOME>&apos;\&apos;(0.542647-inf)\&apos;&apos;</OUTCOME>
</VARIABLE>
<VARIABLE TYPE="nature">
<NAME>pixel37</NAME>
<OUTCOME>&apos;\&apos;(-inf-0.146569]\&apos;&apos;</OUTCOME>
<OUTCOME>&apos;\&apos;(0.146569-0.422059]\&apos;&apos;</OUTCOME>
<OUTCOME>&apos;\&apos;(0.422059-0.578431]\&apos;&apos;</OUTCOME>
<OUTCOME>&apos;\&apos;(0.578431-inf)\&apos;&apos;</OUTCOME>
</VARIABLE>
<VARIABLE TYPE="nature">
<NAME>pixel38</NAME>
<OUTCOME>&apos;\&apos;(-inf-0.156373]\&apos;&apos;</OUTCOME>
<OUTCOME>&apos;\&apos;(0.156373-0.394118]\&apos;&apos;</OUTCOME>
<OUTCOME>&apos;\&apos;(0.394118-0.543627]\&apos;&apos;</OUTCOME>
<OUTCOME>&apos;\&apos;(0.543627-inf)\&apos;&apos;</OUTCOME>
</VARIABLE>
<VARIABLE TYPE="nature">
<NAME>pixel39</NAME>
<OUTCOME>&apos;\&apos;(-inf-0.163235]\&apos;&apos;</OUTCOME>
<OUTCOME>&apos;\&apos;(0.163235-0.362255]\&apos;&apos;</OUTCOME>
<OUTCOME>&apos;\&apos;(0.362255-0.479902]\&apos;&apos;</OUTCOME>
<OUTCOME>&apos;\&apos;(0.479902-0.711765]\&apos;&apos;</OUTCOME>
<OUTCOME>&apos;\&apos;(0.711765-inf)\&apos;&apos;</OUTCOME>
</VARIABLE>
<VARIABLE TYPE="nature">
<NAME>pixel40</NAME>
<OUTCOME>&apos;\&apos;(-inf-0.115686]\&apos;&apos;</OUTCOME>
<OUTCOME>&apos;\&apos;(0.115686-0.337255]\&apos;&apos;</OUTCOME>
<OUTCOME>&apos;\&apos;(0.337255-inf)\&apos;&apos;</OUTCOME>
</VARIABLE>
<VARIABLE TYPE="nature">
<NAME>pixel41</NAME>
<OUTCOME>&apos;\&apos;(-inf-0.030882]\&apos;&apos;</OUTCOME>
<OUTCOME>&apos;\&apos;(0.030882-0.286275]\&apos;&apos;</OUTCOME>
<OUTCOME>&apos;\&apos;(0.286275-0.971078]\&apos;&apos;</OUTCOME>
<OUTCOME>&apos;\&apos;(0.971078-inf)\&apos;&apos;</OUTCOME>
</VARIABLE>
<VARIABLE TYPE="nature">
<NAME>pixel42</NAME>
<OUTCOME>&apos;\&apos;(-inf-0.434314]\&apos;&apos;</OUTCOME>
<OUTCOME>&apos;\&apos;(0.434314-0.981373]\&apos;&apos;</OUTCOME>
<OUTCOME>&apos;\&apos;(0.981373-inf)\&apos;&apos;</OUTCOME>
</VARIABLE>
<VARIABLE TYPE="nature">
<NAME>pixel43</NAME>
<OUTCOME>&apos;\&apos;(-inf-0.00049]\&apos;&apos;</OUTCOME>
<OUTCOME>&apos;\&apos;(0.00049-0.187255]\&apos;&apos;</OUTCOME>
<OUTCOME>&apos;\&apos;(0.187255-0.604902]\&apos;&apos;</OUTCOME>
<OUTCOME>&apos;\&apos;(0.604902-0.971569]\&apos;&apos;</OUTCOME>
<OUTCOME>&apos;\&apos;(0.971569-inf)\&apos;&apos;</OUTCOME>
</VARIABLE>
<VARIABLE TYPE="nature">
<NAME>pixel44</NAME>
<OUTCOME>&apos;\&apos;(-inf-0.155882]\&apos;&apos;</OUTCOME>
<OUTCOME>&apos;\&apos;(0.155882-0.512255]\&apos;&apos;</OUTCOME>
<OUTCOME>&apos;\&apos;(0.512255-0.962255]\&apos;&apos;</OUTCOME>
<OUTCOME>&apos;\&apos;(0.962255-inf)\&apos;&apos;</OUTCOME>
</VARIABLE>
<VARIABLE TYPE="nature">
<NAME>pixel45</NAME>
<OUTCOME>&apos;\&apos;(-inf-0.122059]\&apos;&apos;</OUTCOME>
<OUTCOME>&apos;\&apos;(0.122059-0.523529]\&apos;&apos;</OUTCOME>
<OUTCOME>&apos;\&apos;(0.523529-0.978922]\&apos;&apos;</OUTCOME>
<OUTCOME>&apos;\&apos;(0.978922-inf)\&apos;&apos;</OUTCOME>
</VARIABLE>
<VARIABLE TYPE="nature">
<NAME>pixel46</NAME>
<OUTCOME>&apos;\&apos;(-inf-0.093137]\&apos;&apos;</OUTCOME>
<OUTCOME>&apos;\&apos;(0.093137-0.542157]\&apos;&apos;</OUTCOME>
<OUTCOME>&apos;\&apos;(0.542157-inf)\&apos;&apos;</OUTCOME>
</VARIABLE>
<VARIABLE TYPE="nature">
<NAME>pixel47</NAME>
<OUTCOME>&apos;\&apos;(-inf-0.089216]\&apos;&apos;</OUTCOME>
<OUTCOME>&apos;\&apos;(0.089216-0.429412]\&apos;&apos;</OUTCOME>
<OUTCOME>&apos;\&apos;(0.429412-inf)\&apos;&apos;</OUTCOME>
</VARIABLE>
<VARIABLE TYPE="nature">
<NAME>pixel48</NAME>
<OUTCOME>&apos;\&apos;(-inf-0.10098]\&apos;&apos;</OUTCOME>
<OUTCOME>&apos;\&apos;(0.10098-0.535784]\&apos;&apos;</OUTCOME>
<OUTCOME>&apos;\&apos;(0.535784-inf)\&apos;&apos;</OUTCOME>
</VARIABLE>
<VARIABLE TYPE="nature">
<NAME>pixel49</NAME>
<OUTCOME>&apos;\&apos;(-inf-0.103431]\&apos;&apos;</OUTCOME>
<OUTCOME>&apos;\&apos;(0.103431-0.461765]\&apos;&apos;</OUTCOME>
<OUTCOME>&apos;\&apos;(0.461765-0.775]\&apos;&apos;</OUTCOME>
<OUTCOME>&apos;\&apos;(0.775-inf)\&apos;&apos;</OUTCOME>
</VARIABLE>
<VARIABLE TYPE="nature">
<NAME>pixel50</NAME>
<OUTCOME>&apos;\&apos;(-inf-0.326471]\&apos;&apos;</OUTCOME>
<OUTCOME>&apos;\&apos;(0.326471-0.578922]\&apos;&apos;</OUTCOME>
<OUTCOME>&apos;\&apos;(0.578922-0.631863]\&apos;&apos;</OUTCOME>
<OUTCOME>&apos;\&apos;(0.631863-0.77549]\&apos;&apos;</OUTCOME>
<OUTCOME>&apos;\&apos;(0.77549-inf)\&apos;&apos;</OUTCOME>
</VARIABLE>
<VARIABLE TYPE="nature">
<NAME>pixel51</NAME>
<OUTCOME>&apos;\&apos;(-inf-0.430882]\&apos;&apos;</OUTCOME>
<OUTCOME>&apos;\&apos;(0.430882-0.614706]\&apos;&apos;</OUTCOME>
<OUTCOME>&apos;\&apos;(0.614706-0.745098]\&apos;&apos;</OUTCOME>
<OUTCOME>&apos;\&apos;(0.745098-inf)\&apos;&apos;</OUTCOME>
</VARIABLE>
<VARIABLE TYPE="nature">
<NAME>pixel52</NAME>
<OUTCOME>&apos;\&apos;(-inf-0.465686]\&apos;&apos;</OUTCOME>
<OUTCOME>&apos;\&apos;(0.465686-0.638725]\&apos;&apos;</OUTCOME>
<OUTCOME>&apos;\&apos;(0.638725-0.772059]\&apos;&apos;</OUTCOME>
<OUTCOME>&apos;\&apos;(0.772059-inf)\&apos;&apos;</OUTCOME>
</VARIABLE>
<VARIABLE TYPE="nature">
<NAME>pixel53</NAME>
<OUTCOME>&apos;\&apos;(-inf-0.459804]\&apos;&apos;</OUTCOME>
<OUTCOME>&apos;\&apos;(0.459804-0.684804]\&apos;&apos;</OUTCOME>
<OUTCOME>&apos;\&apos;(0.684804-0.79902]\&apos;&apos;</OUTCOME>
<OUTCOME>&apos;\&apos;(0.79902-inf)\&apos;&apos;</OUTCOME>
</VARIABLE>
<VARIABLE TYPE="nature">
<NAME>pixel54</NAME>
<OUTCOME>&apos;\&apos;(-inf-0.385294]\&apos;&apos;</OUTCOME>
<OUTCOME>&apos;\&apos;(0.385294-0.57598]\&apos;&apos;</OUTCOME>
<OUTCOME>&apos;\&apos;(0.57598-0.768137]\&apos;&apos;</OUTCOME>
<OUTCOME>&apos;\&apos;(0.768137-inf)\&apos;&apos;</OUTCOME>
</VARIABLE>
<VARIABLE TYPE="nature">
<NAME>pixel55</NAME>
<OUTCOME>&apos;\&apos;(-inf-0.34951]\&apos;&apos;</OUTCOME>
<OUTCOME>&apos;\&apos;(0.34951-0.573529]\&apos;&apos;</OUTCOME>
<OUTCOME>&apos;\&apos;(0.573529-0.763235]\&apos;&apos;</OUTCOME>
<OUTCOME>&apos;\&apos;(0.763235-inf)\&apos;&apos;</OUTCOME>
</VARIABLE>
<VARIABLE TYPE="nature">
<NAME>pixel56</NAME>
<OUTCOME>&apos;\&apos;(-inf-0.427451]\&apos;&apos;</OUTCOME>
<OUTCOME>&apos;\&apos;(0.427451-0.610784]\&apos;&apos;</OUTCOME>
<OUTCOME>&apos;\&apos;(0.610784-0.780392]\&apos;&apos;</OUTCOME>
<OUTCOME>&apos;\&apos;(0.780392-inf)\&apos;&apos;</OUTCOME>
</VARIABLE>
<VARIABLE TYPE="nature">
<NAME>pixel57</NAME>
<OUTCOME>&apos;\&apos;(-inf-0.455882]\&apos;&apos;</OUTCOME>
<OUTCOME>&apos;\&apos;(0.455882-0.577941]\&apos;&apos;</OUTCOME>
<OUTCOME>&apos;\&apos;(0.577941-0.741667]\&apos;&apos;</OUTCOME>
<OUTCOME>&apos;\&apos;(0.741667-inf)\&apos;&apos;</OUTCOME>
</VARIABLE>
<VARIABLE TYPE="nature">
<NAME>pixel58</NAME>
<OUTCOME>&apos;\&apos;(-inf-0.414706]\&apos;&apos;</OUTCOME>
<OUTCOME>&apos;\&apos;(0.414706-0.620098]\&apos;&apos;</OUTCOME>
<OUTCOME>&apos;\&apos;(0.620098-0.767157]\&apos;&apos;</OUTCOME>
<OUTCOME>&apos;\&apos;(0.767157-inf)\&apos;&apos;</OUTCOME>
</VARIABLE>
<VARIABLE TYPE="nature">
<NAME>pixel59</NAME>
<OUTCOME>&apos;\&apos;(-inf-0.45]\&apos;&apos;</OUTCOME>
<OUTCOME>&apos;\&apos;(0.45-0.614216]\&apos;&apos;</OUTCOME>
<OUTCOME>&apos;\&apos;(0.614216-0.765686]\&apos;&apos;</OUTCOME>
<OUTCOME>&apos;\&apos;(0.765686-inf)\&apos;&apos;</OUTCOME>
</VARIABLE>
<VARIABLE TYPE="nature">
<NAME>pixel60</NAME>
<OUTCOME>&apos;\&apos;(-inf-0.242157]\&apos;&apos;</OUTCOME>
<OUTCOME>&apos;\&apos;(0.242157-0.481863]\&apos;&apos;</OUTCOME>
<OUTCOME>&apos;\&apos;(0.481863-0.67549]\&apos;&apos;</OUTCOME>
<OUTCOME>&apos;\&apos;(0.67549-0.822059]\&apos;&apos;</OUTCOME>
<OUTCOME>&apos;\&apos;(0.822059-inf)\&apos;&apos;</OUTCOME>
</VARIABLE>
<VARIABLE TYPE="nature">
<NAME>pixel61</NAME>
<OUTCOME>&apos;\&apos;(-inf-0.24951]\&apos;&apos;</OUTCOME>
<OUTCOME>&apos;\&apos;(0.24951-0.485294]\&apos;&apos;</OUTCOME>
<OUTCOME>&apos;\&apos;(0.485294-0.652941]\&apos;&apos;</OUTCOME>
<OUTCOME>&apos;\&apos;(0.652941-0.775]\&apos;&apos;</OUTCOME>
<OUTCOME>&apos;\&apos;(0.775-inf)\&apos;&apos;</OUTCOME>
</VARIABLE>
<VARIABLE TYPE="nature">
<NAME>pixel62</NAME>
<OUTCOME>&apos;\&apos;(-inf-0.448039]\&apos;&apos;</OUTCOME>
<OUTCOME>&apos;\&apos;(0.448039-0.685294]\&apos;&apos;</OUTCOME>
<OUTCOME>&apos;\&apos;(0.685294-0.789216]\&apos;&apos;</OUTCOME>
<OUTCOME>&apos;\&apos;(0.789216-inf)\&apos;&apos;</OUTCOME>
</VARIABLE>
<VARIABLE TYPE="nature">
<NAME>pixel63</NAME>
<OUTCOME>&apos;\&apos;(-inf-0.428922]\&apos;&apos;</OUTCOME>
<OUTCOME>&apos;\&apos;(0.428922-0.598039]\&apos;&apos;</OUTCOME>
<OUTCOME>&apos;\&apos;(0.598039-0.75]\&apos;&apos;</OUTCOME>
<OUTCOME>&apos;\&apos;(0.75-inf)\&apos;&apos;</OUTCOME>
</VARIABLE>
<VARIABLE TYPE="nature">
<NAME>pixel64</NAME>
<OUTCOME>&apos;\&apos;(-inf-0.385294]\&apos;&apos;</OUTCOME>
<OUTCOME>&apos;\&apos;(0.385294-0.57598]\&apos;&apos;</OUTCOME>
<OUTCOME>&apos;\&apos;(0.57598-0.768137]\&apos;&apos;</OUTCOME>
<OUTCOME>&apos;\&apos;(0.768137-inf)\&apos;&apos;</OUTCOME>
</VARIABLE>
<VARIABLE TYPE="nature">
<NAME>pixel65</NAME>
<OUTCOME>&apos;\&apos;(-inf-0.347059]\&apos;&apos;</OUTCOME>
<OUTCOME>&apos;\&apos;(0.347059-0.642157]\&apos;&apos;</OUTCOME>
<OUTCOME>&apos;\&apos;(0.642157-0.79902]\&apos;&apos;</OUTCOME>
<OUTCOME>&apos;\&apos;(0.79902-inf)\&apos;&apos;</OUTCOME>
</VARIABLE>
<VARIABLE TYPE="nature">
<NAME>pixel66</NAME>
<OUTCOME>&apos;\&apos;(-inf-0.455882]\&apos;&apos;</OUTCOME>
<OUTCOME>&apos;\&apos;(0.455882-0.577941]\&apos;&apos;</OUTCOME>
<OUTCOME>&apos;\&apos;(0.577941-0.741667]\&apos;&apos;</OUTCOME>
<OUTCOME>&apos;\&apos;(0.741667-inf)\&apos;&apos;</OUTCOME>
</VARIABLE>
<VARIABLE TYPE="nature">
<NAME>pixel67</NAME>
<OUTCOME>&apos;\&apos;(-inf-0.358824]\&apos;&apos;</OUTCOME>
<OUTCOME>&apos;\&apos;(0.358824-0.635294]\&apos;&apos;</OUTCOME>
<OUTCOME>&apos;\&apos;(0.635294-0.725]\&apos;&apos;</OUTCOME>
<OUTCOME>&apos;\&apos;(0.725-inf)\&apos;&apos;</OUTCOME>
</VARIABLE>
<VARIABLE TYPE="nature">
<NAME>pixel68</NAME>
<OUTCOME>&apos;\&apos;(-inf-0.42598]\&apos;&apos;</OUTCOME>
<OUTCOME>&apos;\&apos;(0.42598-0.648039]\&apos;&apos;</OUTCOME>
<OUTCOME>&apos;\&apos;(0.648039-0.786275]\&apos;&apos;</OUTCOME>
<OUTCOME>&apos;\&apos;(0.786275-inf)\&apos;&apos;</OUTCOME>
</VARIABLE>
<VARIABLE TYPE="nature">
<NAME>pixel69</NAME>
<OUTCOME>&apos;\&apos;(-inf-0.188235]\&apos;&apos;</OUTCOME>
<OUTCOME>&apos;\&apos;(0.188235-0.429412]\&apos;&apos;</OUTCOME>
<OUTCOME>&apos;\&apos;(0.429412-0.602941]\&apos;&apos;</OUTCOME>
<OUTCOME>&apos;\&apos;(0.602941-0.716176]\&apos;&apos;</OUTCOME>
<OUTCOME>&apos;\&apos;(0.716176-0.793627]\&apos;&apos;</OUTCOME>
<OUTCOME>&apos;\&apos;(0.793627-inf)\&apos;&apos;</OUTCOME>
</VARIABLE>
<DEFINITION>
<FOR>emotion</FOR>
<TABLE>
0.13789680812161526 0.01495812074459749 0.14266808295749386 0.25080537029620215 0.17185296115067825 0.1699374858516029 0.11188117087781009 
</TABLE>
</DEFINITION>
<DEFINITION>
<FOR>pixel0</FOR>
<GIVEN>emotion</GIVEN>
<TABLE>
0.2942438778086342 0.41996970462004546 0.17508204998737692 0.11070436758394345 
0.22389791183294663 0.4651972157772622 0.18213457076566125 0.12877030162412992 
0.19802342606149342 0.4017813567593948 0.22022938018545632 0.17996583699365545 
0.23219491878384008 0.44766069693183397 0.18832430931556296 0.13182007496876302 
0.22234602917341978 0.3842179902755267 0.19540113452188007 0.19803484602917343 
0.28528989961073553 0.4078057775046097 0.17383732841630814 0.13306699446834666 
0.08696328562538892 0.317517112632234 0.2584007467330429 0.33711885500933414 
</TABLE>
</DEFINITION>
<DEFINITION>
<FOR>pixel1</FOR>
<GIVEN>emotion</GIVEN>
<GIVEN>pixel0</GIVEN>
<TABLE>
0.2334047109207709 0.4406852248394004 0.13576017130620985 0.1297644539614561 0.06038543897216274 
0.07595316721705193 0.29930951666166317 0.2566796757730411 0.2848994296007205 0.08315821074752326 
0.052480230050323505 0.1833213515456506 0.1746944644140906 0.3601725377426312 0.2293314162473041 
0.05561861520998865 0.1191827468785471 0.11237230419977298 0.25539160045402953 0.45743473325766176 
0.1065989847715736 0.583756345177665 0.14720812182741116 0.116751269035533 0.04568527918781726 
0.012345679012345678 0.24444444444444444 0.28888888888888886 0.33827160493827163 0.11604938271604938 
0.043478260869565216 0.19254658385093168 0.13043478260869565 0.36645962732919257 0.2670807453416149 
0.02608695652173913 0.06086956521739131 0.11304347826086956 0.1826086956521739 0.6173913043478261 
0.16902274124154887 0.3988936693300553 0.1628764597418562 0.15918869084204057 0.11001843884449908 
0.06642402183803457 0.24173491052471943 0.24355474673946012 0.31938125568698816 0.1289050652107977 
0.027086788280818133 0.12216694306246545 0.14427860696517414 0.44499723604201213 0.2614704256495301 
0.03989181879648411 0.10074374577417174 0.08181203515889114 0.2657200811359026 0.5118323191345504 
0.19856673633920574 0.5091071961779635 0.12988951925948045 0.1113765303075545 0.05106001791579576 
0.04261583759491709 0.3169068650240198 0.24469239113590577 0.30017046335037967 0.09561444289477762 
0.01950680898049319 0.13139492086860508 0.14685314685314685 0.46853146853146854 0.23371365476628633 
0.01839201261166579 0.09196006305832895 0.06883867577509196 0.3042564372044141 0.5165528113504992 
0.21691678035470668 0.4461118690313779 0.12232833105957254 0.13142337426102774 0.08321964529331514 
0.06031077166183829 0.27890439820911245 0.23465894126942322 0.30313405319989467 0.12299183565973136 
0.02638385928608381 0.1536471805483704 0.10191412312467667 0.4454216244180031 0.272633212622866 
0.030117406840224605 0.07299642674834099 0.0709545686574783 0.26901480347115875 0.5569167942827974 
0.2111868053065615 0.447830763714593 0.12585155969881678 0.1444962352097526 0.07063463607027609 
0.0740276035131744 0.32496863237139273 0.23262233375156838 0.27176913425345045 0.09661229611041405 
0.0582010582010582 0.18988830099941212 0.17225161669606115 0.37095825984714875 0.2087007642563198 
0.04834996162701458 0.12663085188027629 0.09286262471220261 0.24328472755180353 0.488871834228703 
0.16873889875666073 0.2753108348134991 0.14031971580817051 0.23623445825932504 0.17939609236234458 
0.02982885085574572 0.19706601466992665 0.2156479217603912 0.3613691931540342 0.1960880195599022 
0.021021021021021023 0.1111111111111111 0.12192192192192192 0.39579579579579577 0.35015015015015016 
0.01427913403961308 0.10363887609396591 0.07968678028558268 0.2418240442192538 0.5605711653615846 
</TABLE>
</DEFINITION>
<DEFINITION>
<FOR>pixel2</FOR>
<GIVEN>emotion</GIVEN>
<GIVEN>pixel0</GIVEN>
<TABLE>
0.2779443254817987 0.4132762312633833 0.28650963597430407 0.014989293361884369 0.007280513918629551 
0.011708195737015911 0.0849594716301411 0.7081957370159111 0.14800360252176523 0.047132993095166616 
0.002156721782890007 0.01653486700215672 0.35442127965492454 0.38317757009345793 0.2437095614665708 
0.00340522133938706 0.0056753688989784334 0.11010215664018161 0.22814982973893302 0.6526674233825198 
0.15736040609137056 0.41116751269035534 0.4010152284263959 0.025380710659898477 0.005076142131979695 
0.012345679012345678 0.10617283950617284 0.6691358024691358 0.15555555555555556 0.056790123456790124 
0.006211180124223602 0.018633540372670808 0.2546583850931677 0.32919254658385094 0.391304347826087 
0.008695652173913044 0.008695652173913044 0.11304347826086956 0.25217391304347825 0.6173913043478261 
0.21819299323909036 0.44437615242778117 0.30424093423478793 0.0215119852489244 0.011677934849416103 
0.00940248710949348 0.10100090991810737 0.6924476797088263 0.1392174704276615 0.05793145283591143 
0.007186290768380321 0.017136539524599224 0.2736318407960199 0.46379215035931454 0.238253178551686 
0.002028397565922921 0.004732927653820149 0.07505070993914807 0.17106152805949967 0.7471264367816092 
0.1436249626754255 0.44759629740220963 0.3830994326664676 0.01761719916392953 0.008062108091967751 
0.0020145668681233533 0.06121183945451728 0.7281884394855106 0.16534944986827832 0.043235704323570434 
3.68052999631947E-4 0.005520794994479205 0.27346337872653664 0.45454545454545453 0.26610231873389767 
5.254860746190226E-4 0.004729374671571204 0.06568575932737783 0.1907514450867052 0.7383079348397268 
0.21691678035470668 0.4897680763983629 0.2760345611641655 0.007730786721236926 0.009549795361527967 
0.010797998419805109 0.10244930208058994 0.7282064787990519 0.13510666315512246 0.023439557545430603 
0.0036213140196585617 0.01189860320744956 0.3098810139679255 0.446456285566477 0.22814278323848938 
0.0015313935681470138 0.005615109749872384 0.08014293006636039 0.18529862174578868 0.7274119448698315 
0.23485120114736466 0.4428110433847257 0.29939046253137325 0.014700609537468627 0.008246683399067766 
0.015809284818067756 0.11718946047678795 0.6903387703889586 0.1382685069008783 0.0383939774153074 
0.0029394473838918285 0.018224573780129337 0.28159905937683716 0.45443856554967665 0.24279835390946503 
0.0023023791250959325 0.003837298541826554 0.07290867229470453 0.17114351496546432 0.7498081350729087 
0.20781527531083482 0.4991119005328597 0.2824156305506217 0.008880994671403197 0.0017761989342806395 
0.017114914425427872 0.09242053789731051 0.6899755501222494 0.15403422982885084 0.04645476772616137 
0.0018018018018018018 0.013813813813813814 0.26966966966966965 0.4954954954954955 0.21921921921921922 
4.6061722708429296E-4 0.0032243205895900505 0.05481345002303086 0.16075541225241824 0.7807461999078765 
</TABLE>
</DEFINITION>
<DEFINITION>
<FOR>pixel3</FOR>
<GIVEN>emotion</GIVEN>
<GIVEN>pixel0</GIVEN>
<GIVEN>pixel2</GIVEN>
<TABLE>
0.9003067484662577 0.09049079754601227 0.007668711656441718 0.0015337423312883436 
0.856404958677686 0.12706611570247933 0.013429752066115703 0.0030991735537190084 
0.6681547619047619 0.28422619047619047 0.03422619047619048 0.013392857142857142 
0.39473684210526316 0.39473684210526316 0.18421052631578946 0.02631578947368421 
0.55 0.25 0.15 0.05 
0.4523809523809524 0.5 0.023809523809523808 0.023809523809523808 
0.36713286713286714 0.5559440559440559 0.06643356643356643 0.01048951048951049 
0.12828111769686706 0.743861134631668 0.12150719729043184 0.006350550381033023 
0.046370967741935484 0.4899193548387097 0.4495967741935484 0.014112903225806451 
0.08125 0.46875 0.40625 0.04375 
0.5 0.16666666666666666 0.16666666666666666 0.16666666666666666 
0.11538461538461539 0.2692307692307692 0.5769230769230769 0.038461538461538464 
0.038306451612903226 0.26814516129032256 0.6108870967741935 0.08266129032258064 
0.020522388059701493 0.14365671641791045 0.7481343283582089 0.08768656716417911 
0.02631578947368421 0.07894736842105263 0.6403508771929824 0.2543859649122807 
0.16666666666666666 0.5 0.16666666666666666 0.16666666666666666 
0.125 0.375 0.125 0.375 
0.01 0.21 0.41 0.37 
0.014705882352941176 0.04411764705882353 0.3872549019607843 0.553921568627451 
0.00865051903114187 0.03633217993079585 0.1782006920415225 0.7768166089965398 
0.9117647058823529 0.029411764705882353 0.029411764705882353 0.029411764705882353 
0.8690476190476191 0.10714285714285714 0.011904761904761904 0.011904761904761904 
0.6951219512195121 0.2804878048780488 0.012195121951219513 0.012195121951219513 
0.625 0.125 0.125 0.125 
0.25 0.25 0.25 0.25 
0.375 0.375 0.125 0.125 
0.32608695652173914 0.6304347826086957 0.021739130434782608 0.021739130434782608 
0.05474452554744526 0.7335766423357665 0.20802919708029197 0.0036496350364963502 
0.015151515151515152 0.6212121212121212 0.3484848484848485 0.015151515151515152 
0.038461538461538464 0.34615384615384615 0.5 0.11538461538461539 
0.25 0.25 0.25 0.25 
0.16666666666666666 0.5 0.16666666666666666 0.16666666666666666 
0.11363636363636363 0.20454545454545456 0.6590909090909091 0.022727272727272728 
0.05357142857142857 0.05357142857142857 0.625 0.26785714285714285 
0.045454545454545456 0.07575757575757576 0.5 0.3787878787878788 
0.25 0.25 0.25 0.25 
0.25 0.25 0.25 0.25 
0.0625 0.1875 0.0625 0.6875 
0.09375 0.03125 0.46875 0.40625 
0.04054054054054054 0.04054054054054054 0.25675675675675674 0.6621621621621622 
0.8631284916201117 0.09776536312849161 0.036312849162011177 0.002793296089385475 
0.8195592286501377 0.15013774104683195 0.026170798898071626 0.004132231404958678 
0.6526104417670683 0.3192771084337349 0.02208835341365462 0.006024096385542169 
0.34210526315789475 0.5 0.13157894736842105 0.02631578947368421 
0.5909090909090909 0.3181818181818182 0.045454545454545456 0.045454545454545456 
0.38235294117647056 0.4411764705882353 0.14705882352941177 0.029411764705882353 
0.24702380952380953 0.6458333333333334 0.09226190476190477 0.01488095238095238 
0.10454943132108487 0.7563429571303587 0.13517060367454067 0.003937007874015748 
0.10606060606060606 0.5086580086580087 0.3528138528138528 0.032467532467532464 
0.05670103092783505 0.4484536082474227 0.31443298969072164 0.18041237113402062 
0.1875 0.6875 0.0625 0.0625 
0.029411764705882353 0.4411764705882353 0.3235294117647059 0.20588235294117646 
0.014056224899598393 0.2751004016064257 0.6485943775100401 0.06224899598393574 
0.0011876484560570072 0.14370546318289787 0.7779097387173397 0.07719714964370546 
0.020737327188940093 0.1313364055299539 0.5460829493087558 0.30184331797235026 
0.16666666666666666 0.5 0.16666666666666666 0.16666666666666666 
0.1 0.1 0.1 0.7 
0.02631578947368421 0.13157894736842105 0.35964912280701755 0.4824561403508772 
0.00390625 0.02734375 0.52734375 0.44140625 
0.002707581227436823 0.026173285198555957 0.22472924187725632 0.7463898916967509 
0.8987603305785123 0.08884297520661157 0.010330578512396695 0.002066115702479339 
0.855525965379494 0.12450066577896138 0.013981358189081226 0.005992010652463382 
0.6026438569206843 0.37558320373250387 0.020995334370139968 7.776049766718507E-4 
0.5645161290322581 0.4032258064516129 0.016129032258064516 0.016129032258064516 
0.5 0.3 0.16666666666666666 0.03333333333333333 
0.1875 0.5625 0.1875 0.0625 
0.32914572864321606 0.5753768844221105 0.0829145728643216 0.01256281407035176 
0.14227988090174393 0.7407486176095278 0.11165461505742237 0.005316886431305828 
0.058878504672897194 0.569158878504673 0.3467289719626168 0.025233644859813085 
0.06028368794326241 0.4432624113475177 0.4078014184397163 0.08865248226950355 
0.25 0.25 0.25 0.25 
0.16666666666666666 0.3888888888888889 0.3888888888888889 0.05555555555555555 
0.0388739946380697 0.403485254691689 0.5053619302949062 0.05227882037533512 
0.016962843295638127 0.20920840064620355 0.7084006462035541 0.0654281098546042 
0.02066115702479339 0.11707988980716254 0.6570247933884298 0.20523415977961432 
0.25 0.25 0.25 0.25 
0.08333333333333333 0.08333333333333333 0.4166666666666667 0.4166666666666667 
0.0234375 0.1171875 0.5234375 0.3359375 
0.01366120218579235 0.07377049180327869 0.5710382513661202 0.34153005464480873 
0.0078125 0.04190340909090909 0.25355113636363635 0.6967329545454546 
0.9104166666666667 0.07708333333333334 0.010416666666666666 0.0020833333333333333 
0.8805555555555555 0.11203703703703703 0.006481481481481481 9.25925925925926E-4 
0.5622950819672131 0.41475409836065574 0.021311475409836064 0.001639344262295082 
0.35 0.35 0.25 0.05 
0.4583333333333333 0.4583333333333333 0.041666666666666664 0.041666666666666664 
0.3409090909090909 0.5227272727272727 0.11363636363636363 0.022727272727272728 
0.2627551020408163 0.5994897959183674 0.125 0.012755102040816327 
0.08128612716763006 0.7590317919075145 0.15570809248554912 0.003973988439306358 
0.05232558139534884 0.5562015503875969 0.3856589147286822 0.005813953488372093 
0.05434782608695652 0.40217391304347827 0.44565217391304346 0.09782608695652174 
0.1 0.1 0.1 0.7 
0.11538461538461539 0.19230769230769232 0.5769230769230769 0.11538461538461539 
0.018272425249169437 0.18438538205980065 0.7059800664451827 0.09136212624584718 
0.010392609699769052 0.09815242494226328 0.8371824480369515 0.054272517321016164 
0.015765765765765764 0.11936936936936937 0.6869369369369369 0.17792792792792791 
0.16666666666666666 0.16666666666666666 0.5 0.16666666666666666 
0.07142857142857142 0.35714285714285715 0.35714285714285715 0.21428571428571427 
0.03125 0.06875 0.38125 0.51875 
0.00273224043715847 0.03551912568306011 0.24316939890710382 0.7185792349726776 
7.002801120448179E-4 0.01610644257703081 0.17016806722689076 0.8130252100840336 
0.9285714285714286 0.05319148936170213 0.010638297872340425 0.007598784194528876 
0.8489499192245558 0.1429725363489499 0.004038772213247173 0.004038772213247173 
0.6336515513126492 0.33770883054892603 0.02028639618138425 0.008353221957040573 
0.4318181818181818 0.4772727272727273 0.06818181818181818 0.022727272727272728 
0.5769230769230769 0.2692307692307692 0.11538461538461539 0.038461538461538464 
0.4393939393939394 0.3787878787878788 0.13636363636363635 0.045454545454545456 
0.30425531914893617 0.5851063829787234 0.08297872340425531 0.027659574468085105 
0.10493827160493827 0.7519970951343501 0.1310820624546115 0.011982570806100218 
0.09205776173285199 0.5577617328519856 0.33393501805054154 0.016245487364620937 
0.17307692307692307 0.46794871794871795 0.28846153846153844 0.07051282051282051 
0.375 0.125 0.375 0.125 
0.08823529411764706 0.38235294117647056 0.4411764705882353 0.08823529411764706 
0.01037344398340249 0.2883817427385892 0.6161825726141079 0.08506224066390042 
0.019329896907216496 0.1481958762886598 0.7332474226804123 0.09922680412371133 
0.016826923076923076 0.12740384615384615 0.65625 0.19951923076923078 
0.16666666666666666 0.16666666666666666 0.16666666666666666 0.5 
0.125 0.125 0.375 0.375 
0.05102040816326531 0.09183673469387756 0.29591836734693877 0.5612244897959183 
0.01327433628318584 0.0752212389380531 0.38495575221238937 0.5265486725663717 
0.003061224489795918 0.03775510204081633 0.1989795918367347 0.7602040816326531 
0.925 0.058333333333333334 0.008333333333333333 0.008333333333333333 
0.8204225352112676 0.16549295774647887 0.0035211267605633804 0.01056338028169014 
0.5740740740740741 0.36419753086419754 0.043209876543209874 0.018518518518518517 
0.375 0.375 0.125 0.125 
0.25 0.25 0.25 0.25 
0.5 0.39473684210526316 0.07894736842105263 0.02631578947368421 
0.296875 0.5677083333333334 0.11979166666666667 0.015625 
0.05586987270155587 0.7687411598302687 0.16902404526166903 0.006364922206506365 
0.009433962264150943 0.5251572327044025 0.4308176100628931 0.03459119496855346 
0.15306122448979592 0.29591836734693877 0.47959183673469385 0.07142857142857142 
0.5 0.16666666666666666 0.16666666666666666 0.16666666666666666 
0.11538461538461539 0.19230769230769232 0.2692307692307692 0.4230769230769231 
0.011061946902654867 0.2588495575221239 0.6969026548672567 0.033185840707964605 
0.006038647342995169 0.08091787439613526 0.8297101449275363 0.08333333333333333 
0.002717391304347826 0.07880434782608696 0.7527173913043478 0.16576086956521738 
0.25 0.25 0.25 0.25 
0.3 0.1 0.1 0.5 
0.00819672131147541 0.09016393442622951 0.38524590163934425 0.5163934426229508 
0.002840909090909091 0.06534090909090909 0.3835227272727273 0.5482954545454546 
0.004122497055359246 0.013545347467608953 0.17137809187279152 0.8109540636042403 
</TABLE>
</DEFINITION>
<DEFINITION>
<FOR>pixel4</FOR>
<GIVEN>emotion</GIVEN>
<GIVEN>pixel0</GIVEN>
<GIVEN>pixel2</GIVEN>
<TABLE>
0.7837423312883436 0.200920245398773 0.004601226993865031 0.010736196319018405 
0.6580578512396694 0.33161157024793386 0.005165289256198347 0.005165289256198347 
0.3913690476190476 0.5639880952380952 0.025297619047619048 0.019345238095238096 
0.18421052631578946 0.7105263157894737 0.07894736842105263 0.02631578947368421 
0.25 0.65 0.05 0.05 
0.023809523809523808 0.6904761904761905 0.21428571428571427 0.07142857142857142 
0.045454545454545456 0.8286713286713286 0.10139860139860139 0.024475524475524476 
0.03429297205757832 0.823454699407282 0.11558001693480102 0.026672311600338696 
0.02217741935483871 0.6633064516129032 0.2399193548387097 0.07459677419354839 
0.01875 0.53125 0.26875 0.18125 
0.16666666666666666 0.5 0.16666666666666666 0.16666666666666666 
0.038461538461538464 0.2692307692307692 0.34615384615384615 0.34615384615384615 
0.018145161290322582 0.2399193548387097 0.5181451612903226 0.22379032258064516 
0.009328358208955223 0.2332089552238806 0.542910447761194 0.21455223880597016 
0.008771929824561403 0.18421052631578946 0.41812865497076024 0.3888888888888889 
0.16666666666666666 0.16666666666666666 0.16666666666666666 0.5 
0.125 0.125 0.125 0.625 
0.01 0.03 0.23 0.73 
0.004901960784313725 0.06372549019607843 0.1323529411764706 0.7990196078431373 
0.015570934256055362 0.03633217993079585 0.10899653979238755 0.8391003460207612 
